845
1455
-1527
149
-1903
1343
68
645
-581
1215
206
-514
859
1256
91
-1962
354
-242
527
-17
-101
249
-453
34
-702
-172
29
211
878
-353
-1609
139
2
1058
-241
-278
1803
167
390
-570
393
1266
-76
-159
-233
8
347
3
108
129
90
-714
-53
-705
112
469
95
-143
1073
-98
770
27
80
-153
1386
206
1241
240
-551
262
-224
-1432
211
728
49
-1997
-474
375
-90
24
-151
932
185
-762
318
133
-26
-1979
50
958
-52
24
0
1911
132
332
334
-600
54
1538
97
-817
185
669
-431
258
454
146
376
-26
-1651
117
187
-44
-38
-33
10
177
-972
-181
225
1407
200
-137
220
-1255
-701
-425
243
24
-1035
-1813
118
187
-33
-372
-862
-601
-856
353
-1985
-42
-80
130
34
199
370
1775
-24
-165
160
-125
553
-147
299
378
-316
-17
249
199
140
228
-203
-1881
699
-1747
461
140
-2
-1019
213
103
-112
-69
-214
-1972
-447
-2
265
5
-145
-22
540
3
-254
545
-470
114
-14
126
51
265
128
911
102
645
1602
-583
-1184
1438
1934
2000
333
-119
-175
525
294
-1685
163
202
1997
-5
-176
1943
444
-1640
-87
-1929
145
-58
-1262
148
-1257
1819
-7
129
482
1954
-40
14
87
-33
137
99
355
36
-21
336
1309
-83
270
46
31
113
6
18
-178
1682
-39
-104
-22
1113
-17
155
1885
-284
1814
117
699
383
16
-54
-6
-225
-121
-103
-245
-414
253
253
54
6
-91
439
185
1260
-3
122
-33
969
-41
990
746
-922
88
1092
-15
110
-193
377
-362
-1055
112
-63
337
280
767
285
-110
649
-85
-36
212
9
-1059
1430
294
-76
-34
224
1187
-1415
33
-141
-72
-172
50
676
127
382
-559
-306
35
-30
312
1073
790
-1680
-176
-6
-111
518
-4
453
926
253
274
710
-27
-122
50
-13
158
-256
-219
-44
-223
-95
1158
83
603
266
-546
273
315
12
256
-1176
481
-43
-84
15
-451
525
-68
293
70
109
-255
51
1556
1231
-299
1709
-432
-163
-81
-1742
-24
58
-76
1425
4
78
564
-157
-187
588
1
210
-289
178
1934
348
199
154
127
2
686
213
112
403
-138
-90
407
1573
47
59
27
-116
-81
827
718
18
-30
-1619
-55
306
-108
17
-177
-104
11
-1324
1700
110
359
308
279
329
-53
-91
-20
149
-112
100
514
-31
51
6
1300
-487
1108
-53
132
181
27
-253
238
-533
282
-129
-26
-10
-3
124
-150
-1789
217
-1895
232
298
-55
359
-130
554
-5
94
339
-415
1144
66
-14
421
125
152
-104
-34
-34
166
-516
-150
-33
-34
27
-225
47
-88
-9
419
168
7
804
231
238
356
-20
14
191
448
133
11
378
1756
378
-12
69
-199
187
-67
-67
-28
1043
242
215
-633
896
-23
1570
-30
270
99
38
-126
-100
261
86
32
-150
-222
-158
153
952
6
96
-204
124
-249
-95
252
1540
-156
-37
187
-17
-95
233
-1354
-646
80
558
172
215
-162
996
1260
351
159
-258
89
606
417
4
-132
138
1770
223
3
-76
3
-1424
477
243
-131
-19
-168
-49
249
13
174
-34
-115
-90
-81
-23
-1218
32
-1321
235
119
50
-27
80
96
478
201
536
326
-112
1333
40
15
-79
-60
-9
1398
1033
65
-565
43
9
-43
553
-98
369
-606
4
268
27
387
-75
-342
279
147
-67
-18
-106
-238
-111
-219
89
108
679
52
410
76
-91
-185
119
-43
1089
-31
109
18
100
89
-19
909
-1108
244
400
-645
96
-1997
1048
-164
46
317
-1248
666
363
537
-171
415
83
-330
146
-262
416
754
-648
-1022
8
-49
-106
-107
-38
29
-323
1244
-1594
10
109
9
-356
-19
-55
-60
80
1377
740
171
109
1790
215
124
-63
27
-81
171
402
-62
-1189
-100
438
98
-58
-147
682
1995
365
803
1379
62
488
8
318
-27
8
105
-1294
387
189
32
-4
131
-290
-458
278
98
-60
155
-27
94
16
94
-1882
-1616
161
-16
-43
80
371
-53
-1010
117
20
-16
-634
-21
-47
-76
-150
-302
-302
137
78
-145
32
69
32
-89
-43
587
-649
25
141
-1737
167
472
785
-9
210
-1383
-1224
157
157
111
-79
1608
-316
-35
-18
-6
-214
-241
12
352
156
97
947
20
-1663
30
815
-15
-52
-123
140
373
636
-1873
360
148
-46
1465
1343
-435
3
-67
-67
-1437
-938
1394
12
-449
314
494
207
872
11
35
120
-54
-1018
1569
1124
-111
-850
-79
-86
248
-338
-107
119
9
-461
-42
-27
-27
-27
1397
124
460
-565
1994
-75
-126
-111
273
-527
-84
1160
-16
-149
-898
176
159
252
-415
-798
349
122
911
1687
-11
12
98
-900
6
1515
308
643
-68
-52
1351
115
-10
-381
124
841
-117
-60
98
77
-12
-357
273
-526
-1799
-911
242
-478
-143
-1783
53
670
170
247
247
-1069
-1991
-1991
-1376
341
-819
297
47
-142
-142
121
-20
-89
359
213
532
309
206
-47
-17
-1202
-1592
4
-65
-8
-453
352
-56
27
-49
-242
-70
231
-99
99
-932
183
-154
291
-303
-103
4
-76
-52
-171
22
474
474
-107
-727
-104
-111
-145
20
135
19
-27
797
-127
41
544
255
-489
1885
-137
470
229
1594
-17
-1245
-45
-82
-1866
-465
-102
-102
-119
-402
230
1977
-74
1269
79
58
810
166
-78
353
-1014
371
248
182
248
-126
925
2000
162
-1140
-283
-37
88
-238
81
199
214
207
-25
-79
2
-499
57
-289
-46
150
187
-98
-97
-117
1955
212
243
185
-15
471
163
394
-966
-1212
204
1362
140
10
-356
-1728
7
-28
-130
1111
1897
6
-80
8
185
-424
-237
633
350
249
574
-286
67
-33
-140
-616
-92
784
-90
-2
-2
-37
-191
-4
411
448
277
1997
1771
-514
-35
116
868
221
-341
-374
30
-185
160
-951
-50
405
154
-4
-1008
-52
477
1719
-98
-42
1774
532
-81
-1858
-1219
108
173
-142
876
54
330
1684
-520
-10
1221
-656
-80
626
180
-314
-91
738
-130
-395
308
-1327
117
556
-52
648
286
15
-322
-74
1232
58
1795
520
520
1087
2
-109
34
1989
234
100
15
1982
-300
-27
46
-310
98
-195
1805
-28
785
-170
740
278
-137
68
1693
1227
-59
609
372
412
338
-1222
-27
-401
303
575
1677
1677
780
304
880
164
2
-17
279
-87
-777
453
900
141
-925
-1873
-53
28
-47
514
-587
1808
257
-115
-115
325
-323
222
-168
-19
1465
-1228
85
-1587
-741
412
-901
-45
1148
-118
5
-779
443
192
1810
1810
715
-758
40
274
153
-924
547
309
321
1883
220
292
-201
-5
52
84
-1428
12
4
-896
8
85
-1
1064
1655
105
22
-34
-1807
-45
-134
-1808
-1633
1895
228
976
1031
771
760
694
430
980
737
1521
1548
1493
1304
1305
1450
1335
-202
1179
2000
1846
1791
1260
1325
1510
1286
856
859
853
861
869
862
1510
638
1414
208
-953
463
681
1020
420
-33
-1017
1058
-1631
1821
-307
-115
788
14
266
22
295
820
-60
616
432
1228
-1055
13
108
-596
139
18
-1422
-28
-89
1363
-129
-219
-332
110
147
67
267
-79
81
191
346
-713
508
188
-156
-241
602
-4
-1028
72
9
1376
-727
655
-50
274
274
274
-145
-109
-35
-582
79
4
-1855
-1123
-221
50
408
84
95
94
-45
1168
994
-701
176
1554
23
-291
-114
1071
-51
73
361
1077
156
80
-1114
-65
697
218
78
227
227
49
59
1993
69
-180
93
-165
-86
-56
321
-223
168
-12
15
-5
-728
-76
642
-140
103
-1206
-128
149
149
-1063
468
1609
23
-1822
-32
-79
56
1093
-286
166
112
273
-467
-1743
87
1996
-45
-67
124
-1403
1266
1965
1999
1438
-1263
782
1385
165
185
874
1999
-300
1046
-53
1869
110
-32
788
254
-1079
788
1829
-63
805
140
93
-80
-261
120
-181
60
-216
4
94
-7
-7
-228
88
-128
216
169
44
72
58
1244
1004
-1061
560
-137
-104
417
-46
1206
417
153
-21
164
-6
-63
2
813
65
367
520
-27
36
-54
544
-1303
556
225
21
11
-1283
1123
-160
-785
-785
-1733
845
375
-1350
25
-129
278
1729
462
119
28
-900
-174
882
8
-168
71
687
-1024
-100
45
-83
20
229
16
200
-1022
495
207
231
191
106
-88
1413
893
566
757
119
361
48
1749
105
-807
-84
-25
-71
1176
-8
-8
326
1574
318
-67
-332
5
218
109
1992
-608
-761
-46
-88
188
-4
-60
-11
201
440
1801
543
-1613
1000
1035
252
38
-340
384
31
-89
-12
-932
21
228
-933
306
-91
-581
474
14
260
-1749
1479
280
911
243
-149
-44
67
-20
77
-72
310
-43
372
31
484
-1953
-268
-52
-363
-494
-96
-96
-845
-24
-191
187
114
-1315
-81
421
248
-385
-29
-45
-27
-1397
283
240
-81
-273
185
445
-340
141
120
-1852
841
-85
1648
-81
1219
-1838
-16
-117
-91
-65
213
229
-201
-188
78
891
89
-706
-173
35
-278
310
29
-120
263
492
328
-72
-546
226
518
66
-650
61
-656
-974
1748
156
-1234
-1121
-1279
-652
50
-1999
-380
-28
-269
-77
-230
483
-410
-1475
-676
-1316
-663
-1964
243
-116
-104
259
311
674
-942
154
-34
1883
-1945
1553
180
24
376
701
482
58
136
-1995
183
1324
153
-64
27
1507
-64
92
813
256
63
-43
281
-19
-167
-5
-289
-48
1051
359
-118
211
-39
251
-1231
-113
-106
420
52
20
-80
247
-88
484
664
231
-562
1298
277
22
-127
1088
1762
-1188
-1170
1608
1767
284
-199
-101
403
6
-194
-113
-140
171
-79
24
193
338
-13
63
54
190
1105
398
25
-93
111
-74
127
439
223
-240
245
-229
342
107
10
-1102
723
-427
305
1995
103
-8
147
646
-1622
1560
-230
-1446
1666
1088
867
-49
87
-1
759
1036
152
116
221
-113
-106
93
165
917
-295
1972
-112
-11
-240
-44
-1320
-74
498
-78
83
-89
-101
-114
-7
1769
398
-828
78
535
-93
-156
539
292
-7
84
412
1285
-35
-136
-2
-1506
83
-253
907
246
67
-293
-149
-169
198
-1296
218
26
-147
145
-432
-569
-124
-36
675
-95
758
-84
-103
104
163
303
109
143
-1158
601
233
5
-111
-31
-60
1356
-72
-28
-97
188
51
-100
-94
-1112
90
282
-44
270
139
89
149
1993
-47
873
8
-353
-151
112
-758
1307
-195
-195
1411
-80
192
-478
214
-139
-83
873
-9
1730
-11
79
-85
303
-148
-5
1318
407
-131
-26
-508
473
-166
100
745
118
121
1291
-807
-40
76
903
175
269
118
148
-379
344
370
150
-88
-1377
310
1620
474
165
272
286
-478
-115
342
393
286
-43
1289
133
-33
350
-598
94
860
-76
7
496
-938
-75
1331
-71
-71
54
150
222
87
-63
925
968
-47
131
180
356
492
82
-204
335
-86
832
-1235
189
313
5
31
321
373
-143
149
1475
-56
-137
-76
274
77
257
58
-1449
353
52
87
436
122
292
-1928
1955
-362
1822
-215
560
-86
851
-1123
-267
-2000
1793
-91
-791
757
43
-444
965
-384
231
-153
-5
-266
70
-110
1192
475
290
298
291
-525
818
-1454
83
-230
1428
278
1003
54
-446
114
-67
2
11
-343
-316
-1754
260
1654
266
354
-488
-340
-79
80
-1594
616
-89
90
-1800
-397
100
-1755
1945
10
-1223
-963
183
1907
-12
418
55
-16
179
328
-630
242
284
79
-42
566
1641
18
113
-91
-1892
-423
238
12
-217
391
-176
-88
-80
-72
271
-137
-342
44
202
133
219
83
619
185
95
55
-75
-1716
86
51
-696
416
-111
-2
149
-155
-1001
-64
-198
153
-15
145
361
-444
168
1083
248
-1443
-433
14
264
-103
159
361
-287
-9
-864
-935
276
-84
130
-53
-571
117
586
1370
649
1196
361
-93
-93
806
-135
24
-67
106
721
664
696
-146
-1957
177
-260
-865
395
218
183
-41
408
93
570
260
-890
-90
-60
297
214
138
167
317
704
-88
-130
1377
1983
9
206
157
-476
1661
1500
1048
671
575
269
-19
-49
-7
-7
1393
-104
-878
1735
224
-13
1823
254
791
1429
-264
-1086
-73
559
-612
-343
200
198
498
-120
-772
180
-1091
-213
440
21
1258
-53
102
177
182
188
78
14
804
-167
-122
994
-335
190
-36
208
340
165
306
6
79
-1689
933
-17
-17
-197
126
-10
-10
-1350
-468
1827
81
42
-229
-913
-60
-77
84
1315
-66
1895
80
-170
395
131
91
91
91
-48
117
-26
21
-1036
-393
1764
-180
306
-1588
-92
-189
-1852
831
33
19
-36
1426
865
-125
1057
-190
-135
-1137
82
-221
53
-169
-154
-219
188
1174
10
276
9
157
249
1609
-132
-79
217
-1803
-15
-1042
478
1999
104
-1668
280
-102
-1887
523
952
-121
-52
-88
-26
441
219
313
-404
-1457
286
217
142
17
-25
16
439
95
134
1295
-114
164
1568
604
784
82
425
-137
288
-44
-18
151
290
-59
1908
408
-56
-298
259
16
49
6
-154
65
-25
258
474
666
259
4
-215
2000
90
18
-96
131
-736
961
-177
-162
1759
113
275
161
240
-60
1433
115
-1967
-1242
985
-69
287
383
-1
205
-114
-114
-142
2000
320
167
289
-808
-96
-1213
68
975
-62
-302
86
262
37
-1227
-242
153
-734
9
255
165
-1073
505
24
1770
119
102
-478
81
832
795
890
-18
96
98
58
-256
229
-79
-51
-1457
23
147
-1938
139
906
72
196
-80
-1417
197
289
-142
-1529
1821
-50
-959
1907
407
95
-161
-203
15
-191
-48
-186
-141
424
-31
1514
27
216
1502
62
410
794
359
-775
50
-1271
-875
1907
-1318
152
-229
-130
-113
-73
33
659
-198
-21
-37
-268
263
762
205
-200
110
332
-1384
-130
-83
1956
20
-957
90
759
557
50
430
75
-671
-42
-93
-135
563
636
159
-321
1888
586
507
1456
-43
81
193
-259
1579
-395
-395
-160
-1339
41
-1480
26
-141
78
-129
-1260
134
269
269
405
367
220
114
-249
-238
52
-1216
692
12
12
176
-771
-54
188
-218
108
-40
180
348
-283
-27
-163
-50
-92
-32
1446
602
-492
-1719
99
45
45
-125
-40
-116
366
5
66
-953
5
-978
-619
23
-970
23
23
39
93
-273
135
-21
-182
-1247
35
1141
1499
-801
637
1426
1471
114
164
173
-340
51
-137
259
530
173
25
-101
292
48
-15
14
69
219
-1375
95
-1126
82
712
-48
-1279
18
-462
-129
-116
-220
106
116
116
132
301
-20
663
-1951
628
499
-23
211
12
-203
-113
616
1887
439
-468
-52
513
694
-250
406
1481
-216
70
138
-252
133
-189
10
313
680
-67
-639
1753
82
408
177
415
-68
660
-784
357
1793
-40
1416
102
-604
302
-2000
1082
-927
-1539
115
-1343
-516
232
-328
-1529
1139
284
32
506
-82
57
-107
196
8
250
-659
-1075
1723
371
-50
-43
279
-151
653
1128
-69
-125
44
-155
-92
99
203
957
378
624
256
271
-363
503
-56
-22
-140
-664
544
945
-109
-220
139
16
-1
53
3
-28
395
-135
185
481
248
-52
275
287
1684
589
783
-437
-437
1478
174
306
-316
104
269
640
338
-41
386
-14
-917
-490
691
201
-122
191
281
12
12
163
815
1590
-1751
-701
-479
-8
251
-516
135
-248
511
1451
-82
247
-21
-602
262
1785
-585
187
430
-202
-169
467
-179
-139
799
1782
17
-264
-390
-4
206
-258
-12
-81
1208
878
-30
230
-1976
83
-235
137
1772
543
12
-140
0
-135
185
123
154
-44
-93
50
355
1152
800
-65
-93
-312
-144
-112
-144
-98
452
-198
-108
-1407
-19
754
-4
-94
-541
881
-54
-73
55
-383
1931
1949
-170
497
184
184
-83
-2000
242
-445
217
-195
244
-293
34
191
-1695
55
-1995
124
19
-791
-6
-77
-74
-10
54
35
1879
13
128
353
534
-19
-420
6
-118
-81
-1607
-36
194
-1929
794
1447
51
-1532
1065
-57
-1970
674
277
-463
153
464
-73
216
-125
-73
-1759
-1642
1730
1856
65
1590
-131
-77
-530
1185
732
1185
1993
79
838
1417
-1643
153
16
285
-97
524
-181
-176
1678
-107
341
235
-85
1972
84
-264
210
-1917
-515
-206
814
854
17
-380
30
-36
266
274
-28
-1496
111
1136
-108
1445
-1999
-1999
1970
1798
-230
-76
-76
-1549
1994
1484
6
46
1134
-37
308
1051
-144
-92
60
14
20
-184
-199
-199
-94
-65
45
-139
224
-251
-62
-116
-32
624
166
23
-269
-338
-1966
131
179
-26
226
-1101
150
-318
190
-34
1114
-192
-100
-1607
429
-108
12
151
-117
275
-854
466
479
-198
25
-109
485
-1968
156
-33
-2000
-197
-14
569
-139
-3
1312
-42
-4
53
535
293
647
134
230
1775
184
513
224
249
249
-148
-471
334
-1506
-20
674
20
-36
50
-103
14
1565
167
-8
15
126
762
106
15
52
-11
607
138
-940
-300
-200
-279
-235
-117
-67
-75
228
-140
-51
271
874
-247
729
-235
78
1411
294
44
368
175
-104
-1295
-42
-196
-266
-114
161
452
271
-17
32
-82
-1480
-836
466
197
1613
-33
409
109
62
-145
-1999
-96
-1929
-39
941
-83
-39
-274
109
740
27
524
265
655
-129
-461
103
253
114
-1014
-1056
380
-98
301
494
396
-1303
451
86
813
1144
-253
249
-1738
-12
-275
221
319
-257
895
393
56
169
-76
873
-63
-134
-847
202
524
-986
286
248
230
113
117
1950
-158
244
865
552
-85
116
261
875
-284
47
525
686
-818
89
-18
-1011
1934
473
1509
-1988
326
1782
104
99
124
281
52
-10
-342
-470
583
292
-127
-18
-200
-74
-159
-17
-437
-124
-37
1312
87
-72
-51
-269
-139
-14
-14
-200
1657
388
-80
98
155
-522
-23
-371
107
205
662
501
52
58
414
820
175
449
114
219
147
455
-144
-28
-80
17
-122
-223
-20
124
-503
-503
0
87
-1226
-1168
-1920
242
242
1391
-105
-24
123
46
315
-599
83
362
1858
320
866
280
119
82
83
1576
-1931
1600
1770
-1879
-1272
17
2000
-1162
66
66
-494
1039
-1001
31
727
-1678
1808
-46
1738
310
150
584
94
672
110
305
-8
1758
833
259
242
-386
31
-130
-82
480
-584
-657
179
-141
126
242
120
-57
-441
128
455
53
-298
6
196
1697
-106
-69
87
-115
92
-137
69
-111
67
1369
-28
-1494
-1584
-553
1245
-553
-619
261
670
-37
55
-581
55
4
4
-107
98
90
1656
218
-21
218
-1382
-1263
-333
-80
8
-10
-415
190
493
240
-292
-1854
492
468
-208
780
417
540
-207
176
1146
484
-115
615
-105
118
192
147
-1575
-57
133
133
313
256
1458
-1680
-774
1981
-326
178
1882
33
-154
342
218
108
32
3
-716
-525
351
-705
94
-604
-22
623
-11
-160
-92
347
-1784
621
756
-728
712
863
-585
-19
428
-63
78
-1461
-3
186
1754
411
1788
193
193
7
-83
517
80
-263
1123
126
781
358
-71
-63
213
51
87
-438
229
-176
-86
-94
433
21
265
-76
-46
-103
-21
284
-98
94
-76
-32
-1984
414
-35
310
190
13
516
307
-306
358
-4
18
-23
2
178
-469
87
247
-564
454
-86
-1464
-299
-6
997
585
-6
-8
-174
-914
192
145
-74
1075
-19
384
-1996
-53
-119
131
-1017
170
98
-199
1423
-37
136
293
800
-103
-37
232
232
232
-30
-95
-13
-33
235
44
193
91
29
789
-1184
3
-359
9
-147
-182
-168
989
-119
-1987
110
81
88
1537
-156
-7
-82
930
180
-1510
752
-113
1988
-313
111
114
-320
-670
108
258
167
5
-1571
158
-115
-14
370
707
-20
-129
1016
434
813
54
100
160
-56
-20
1950
238
1381
-125
537
742
1989
-783
-1359
697
1784
-81
-749
273
-106
154
417
54
18
121
-896
-129
-179
148
-572
-26
1744
88
-405
-24
-29
331
-1264
1653
-83
-19
260
-33
-33
141
-20
-206
228
186
-48
-66
-22
2
-20
189
84
-248
91
-3
1966
-298
8
112
-30
-38
204
184
114
386
81
-262
-107
1312
1883
1007
-95
162
-22
246
91
319
499
-38
113
212
276
1448
749
219
-411
685
549
116
-18
2000
-22
204
-82
1754
-55
-17
-1136
290
-65
222
-645
-40
102
-12
206
-12
-21
-237
-77
-18
280
701
533
4
-1311
-367
278
87
617
295
-70
-37
417
673
-87
-1452
-122
-283
294
256
528
507
-38
8
-320
-1
-34
38
252
52
-38
295
222
-733
1679
22
-110
104
-295
-139
263
-457
479
386
-83
179
64
-346
176
592
592
-87
170
-348
993
562
-11
301
421
208
-966
15
-66
1377
42
-156
-80
295
1996
39
332
-742
85
-42
271
153
-2
161
391
109
992
-1830
-1972
1040
-474
-27
851
62
201
-151
164
-1947
-675
999
-734
-734
-562
167
-192
77
-669
353
151
487
-128
92
27
27
-1622
7
-35
-56
143
-206
-224
-21
11
637
351
-2
554
-135
-103
326
-8
1518
211
350
-160
1002
803
-431
-2000
121
639
-21
435
248
197
-584
197
363
60
60
247
183
1548
-650
347
-155
29
-155
-4
-83
-1887
196
457
273
106
85
-566
-69
-115
1919
86
1193
-886
-169
-43
-43
77
-470
-631
730
-843
831
163
20
-113
1306
1720
-640
1601
84
-46
471
81
-527
-60
-96
141
134
621
240
1040
700
-161
-161
-1750
-19
96
-246
792
1985
122
56
-41
-1652
-38
-138
-477
154
-1214
140
1239
-560
-1581
167
893
-294
-83
-112
1580
-229
1983
280
6
-24
-86
402
-96
-76
-78
680
381
572
-329
230
230
1857
-39
-116
-81
132
644
570
570
18
1088
748
-2
119
186
677
316
80
-1377
80
62
-205
-205
122
-83
22
558
521
47
-115
-306
188
-75
286
-184
84
1847
1170
669
-77
160
111
176
-289
85
18
-77
248
-491
824
-1789
676
-77
-109
-174
374
-896
-3
1053
11
-13
-356
1540
2
1910
218
-2000
317
-1136
-167
140
-316
-440
-77
-56
-6
-257
121
305
-47
-370
239
123
153
-44
-1198
284
-1765
-554
-233
-105
81
287
-57
-98
673
-255
66
495
227
813
-44
1045
-567
-332
-1574
1694
90
98
-1094
1622
240
-1005
291
-689
458
-42
-61
8
277
1972
-295
1120
-147
237
-304
409
677
508
-280
-22
673
-274
-21
266
-127
-1982
154
-354
428
-959
613
215
227
135
1851
-185
-215
-94
80
1504
111
-86
245
50
-815
-154
175
362
-354
-88
137
137
-131
34
34
-90
142
475
472
1277
-109
-160
-1254
99
-124
157
277
825
-180
135
1014
-421
-13
478
165
451
-55
671
-27
-31
-230
246
113
127
-76
377
1252
-30
1311
-56
16
-814
-66
485
-79
49
-14
-281
452
25
-468
218
-449
74
636
794
649
-521
-962
90
1782
-1403
-496
1905
1790
1230
-204
-536
-1464
-73
-1389
23
-1387
1047
-845
-563
-1877
-1926
-77
-1982
423
-317
-914
121
-16
1070
1598
-1358
687
1878
-543
1042
-1273
1983
-1772
733
-1551
-1465
81
-1955
1552
-585
-41
-1976
-1164
-1761
-1795
-119
1794
-1795
-112
169
-65
349
-1978
1913
362
1716
1925
1637
1736
341
30
1422
57
-173
-345
229
833
273
-34
-131
1335
-57
-349
-1101
50
242
2000
-264
1020
108
1744
603
35
125
-1689
1067
150
252
-462
1809
-84
-277
1657
1514
490
-42
-678
-23
295
-6
-390
88
1428
-1216
626
-342
234
-62
-45
-1436
-1661
-871
-43
-1046
-846
1807
837
1269
1990
208
109
-444
223
484
293
250
243
-870
963
-26
140
1087
-87
164
-203
-11
713
237
-924
-137
26
78
-1949
377
-1555
313
-198
-836
311
115
265
11
85
536
-70
-1242
-18
-409
-78
-1503
2000
275
22
240
288
195
397
-7
-161
-78
1999
-166
14
52
81
71
294
-189
-444
426
404
-141
80
-179
261
1515
-85
-264
277
939
-1150
-228
433
-31
-30
403
-364
-807
300
-4
444
448
-7
-68
-25
165
-199
-11
-50
-107
153
127
413
687
416
-450
407
7
123
211
222
218
1285
26
-61
-4
-109
-84
170
252
381
126
347
388
1
1907
-991
172
280
-384
1201
105
-1197
-87
346
-11
196
132
25
1401
-124
1645
-200
1021
-90
-87
-95
431
496
-136
331
-544
494
-227
550
-1272
-270
162
229
-157
1360
-3
285
290
-32
-105
357
-192
-116
203
118
-2
-23
144
350
-83
-1484
-23
252
309
-4
451
237
-344
82
-61
633
-209
340
-87
-125
1730
-916
-28
-64
-153
1527
-39
650
-83
45
-187
1653
-116
-30
832
172
163
1235
347
1716
972
278
327
244
174
169
168
168
198
219
55
425
1241
327
425
381
165
1949
231
256
-884
149
1152
-120
-104
2
-206
395
119
355
-373
296
1294
-1454
449
27
-111
152
38
303
52
390
-165
-200
32
-293
-1553
-463
-1711
-70
-1174
-118
884
434
641
1099
1099
1099
1146
450
570
110
1337
348
23
-2
-573
23
46
781
-1039
53
5
1299
-188
25
87
1670
-199
-63
-82
63
1858
-1151
527
3
-1999
395
395
926
17
153
992
-507
184
-2
215
-643
859
-709
-46
242
-57
438
399
292
-29
439
1724
91
1012
-64
-192
-131
51
-4
1394
7
291
218
189
-149
189
268
-138
1029
20
-88
-53
342
50
1374
62
202
-65
-91
-584
365
352
-109
103
-1573
112
1532
114
-129
744
-665
-927
54
1164
315
-1365
215
867
405
225
-580
-39
1789
15
-182
-151
295
-19
-9
104
-1637
396
436
23
151
1987
369
-339
43
51
621
1679
51
-561
-4
-1094
1141
-87
855
-69
315
-45
757
-61
-157
-89
551
-87
546
330
441
886
-175
256
-247
-784
-42
-214
89
79
-119
155
707
-115
-46
332
669
1036
-785
-51
335
335
178
-140
543
-37
-57
-1769
1697
228
103
253
-160
-65
-46
-120
329
-1777
-16
209
-100
524
-1290
-112
1172
325
152
285
1576
45
770
147
461
379
-635
63
222
-141
49
707
-101
-7
1989
-194
11
-8
-1545
-47
152
664
227
146
-138
-78
-244
2000
289
-158
-345
-616
-1842
-1263
1074
361
638
146
299
-117
362
429
-85
-227
150
419
240
-901
-150
-1107
-1894
-10
-273
53
721
-1218
679
-555
679
-509
871
-1036
-44
-157
-952
289
289
650
51
-80
441
286
250
-25
986
219
251
-170
252
-66
411
-26
-377
-156
-17
-168
202
-707
27
460
324
-26
-79
-11
126
-38
617
374
-268
-235
-166
-108
512
-980
-489
367
-84
1626
-49
117
338
-22
-4
-1539
-933
228
350
-35
22
-91
-50
-20
1177
-1176
-560
-124
-687
1325
-126
83
-311
-54
-69
156
28
264
198
1867
-67
132
1598
-80
253
15
-95
-37
-141
-462
-207
295
-398
317
355
-1322
-40
-64
-139
-10
1419
169
-107
196
-159
-1477
-20
40
-3
-543
1665
-5
88
-34
-350
-36
94
-16
211
-60
-742
101
-437
102
-371
66
132
-44
17
215
36
97
155
-107
-95
279
205
-706
535
63
-284
204
42
-14
-109
51
157
-822
39
82
-68
65
-187
-160
-160
19
-77
-186
163
321
144
455
357
271
-88
1803
107
231
57
-90
-29
-402
316
-456
63
-43
451
124
1182
23
372
716
-172
751
-513
113
417
61
54
-335
164
207
52
332
-47
-142
267
91
-112
-16
-7
23
-1731
51
-193
-106
-9
-173
162
524
243
-55
194
-54
487
1724
-10
-267
190
162
-79
17
33
-32
14
192
274
164
185
344
129
133
212
88
114
404
256
-105
218
376
-778
211
6
10
23
307
-29
-65
44
44
195
285
15
222
149
-299
640
102
153
-96
355
2
-316
494
-772
1074
1074
-119
-40
260
9
-127
84
16
-1952
-14
-304
540
-9
147
86
83
25
-143
-19
-153
2
-185
-33
135
-1262
-289
-154
-154
-1744
36
573
-1052
-653
-33
-109
-368
120
-30
-33
115
167
-686
195
56
23
280
893
365
-1273
-199
1020
948
-16
-94
1745
-86
-266
162
284
308
657
-81
-83
108
-264
1662
1244
1663
-165
1350
-1548
-487
-31
369
-1955
-1741
366
-1907
1817
-15
-324
42
42
148
-73
618
105
119
203
344
-64
-66
24
25
-210
-210
89
142
-12
-536
-155
286
410
433
-719
195
78
99
-28
1710
-1157
-23
589
16
-259
863
-148
245
-366
-186
873
99
71
-455
-257
-199
156
-454
-65
204
-79
1435
571
-1285
-78
326
237
186
1234
458
1549
-164
240
61
7
33
-39
-498
200
15
-63
380
-30
273
-26
146
-1244
-120
246
297
-1511
618
1825
57
487
130
-26
115
76
-243
-73
255
-15
-6
692
-439
-1325
-728
57
-64
316
261
241
-1911
149
-164
-1
319
783
435
-16
-119
129
414
-1786
1181
-43
-43
-43
351
735
-706
13
97
161
-56
-1406
-76
-741
-42
-252
-310
646
-510
306
-700
8
306
752
-96
73
-853
-1346
280
18
-20
404
-111
141
761
218
-52
213
-1384
91
58
-336
-56
-109
-217
374
-151
557
-254
186
106
-23
262
247
112
-2
1953
361
223
1742
39
-87
82
-9
196
-1114
-848
270
-5
231
-62
-42
163
1891
-1155
362
-89
-3
-27
-489
278
108
-50
-107
150
199
-191
-274
-1833
-713
-50
351
-96
-163
-286
564
151
191
144
-511
164
-29
169
-63
255
161
-84
-125
874
-112
-42
1349
164
1153
-1320
-160
243
713
1365
-333
30
607
727
-11
-294
175
-409
489
656
-1642
397
531
-1
31
-268
-1660
86
-2000
684
131
422
280
1023
480
291
1342
304
354
-196
276
375
-77
482
-22
-1433
375
1336
552
-119
52
924
-105
-45
286
267
-134
328
25
1802
-157
209
12
210
-32
200
24
-80
-1755
1410
261
83
535
-392
117
121
405
52
1250
1551
21
241
578
-1936
-37
-566
422
422
-108
-1995
434
649
158
-64
361
92
-68
-65
492
-994
85
-237
135
-1214
-46
-39
275
111
-1967
375
1191
487
-128
115
1977
-1731
925
324
-152
100
253
334
-1313
122
1468
-607
-1998
1892
1596
16
-310
1271
-901
-63
150
91
-297
-228
-40
-1899
-762
-354
97
-392
956
-79
-2
164
40
1692
-760
-1902
112
20
-266
21
518
189
1152
-12
-70
842
-14
-366
40
276
1519
1082
-1342
1366
1366
-65
-433
-703
-1632
-528
1896
137
48
-215
-64
18
1727
1328
651
-92
259
823
-391
240
-299
258
195
-468
196
271
1750
-444
-1369
145
-1994
1156
1227
86
1102
660
168
-1401
964
1443
160
924
664
535
-125
180
1499
532
635
727
340
-1933
-37
593
-1064
320
1269
-1570
658
-1138
636
815
647
625
-1508
-11
-692
32
569
1030
630
1234
843
-1427
148
-682
-1334
1817
14
-1988
-1619
25
-21
-21
1881
-163
-113
-1131
-616
-1160
-1706
1609
522
-425
-1352
-439
-850
23
-1228
-1945
-1326
-1871
-1166
-1809
-1809
1353
-194
-692
-1999
-49
-1227
1030
-635
-1439
-1648
-369
-369
1196
-776
-1436
1248
-215
-1398
671
671
19
-21
-63
-1710
108
-993
-251
-229
132
862
76
86
176
93
140
1707
1782
-84
260
582
-113
20
-721
-1258
1174
866
-77
134
-166
9
9
52
790
559
-127
9
-1146
-387
-1528
-84
-105
-46
1251
-555
-122
-122
-43
1977
-10
208
27
27
789
252
70
-992
100
100
358
1823
29
413
372
97
-21
999
97
50
-21
-542
295
909
91
-281
181
294
990
1987
-372
9
344
344
686
104
794
220
482
1151
1995
-1098
71
83
-54
1747
452
-719
5
-85
-17
-133
298
431
-63
-82
-82
-43
-1253
50
-601
-360
-1311
208
-61
-84
-68
34
-14
377
-492
5
-547
-22
-22
28
1102
846
446
198
657
-1798
285
-19
1032
1975
1528
66
396
-113
84
-70
245
1332
267
-1279
177
545
-1366
-545
-545
390
-636
52
-4
1195
456
-276
3
-87
-4
-1480
83
-195
222
-996
-255
-658
878
-563
365
-51
-1
258
-109
-7
-531
334
-964
-81
217
126
-430
329
121
51
616
239
64
-4
35
-4
41
-126
46
-121
22
39
22
-689
79
-6
-28
-54
-113
-90
-210
1769
46
222
145
-218
-947
-105
-8
-130
-40
419
96
147
-237
543
198
99
214
630
-180
125
-401
1300
100
-248
115
-692
67
91
-64
-148
832
211
7
-769
-43
486
493
647
366
-2
-630
-52
-119
201
-128
450
-86
7
-108
411
-9
-76
-110
-253
54
-147
-1757
-86
7
1510
481
1
484
431
63
-88
718
198
-411
-1255
-67
305
-308
-23
58
154
-1138
148
148
294
168
117
328
866
-114
-203
-148
-114
-170
-380
17
105
113
-14
-55
-1189
-301
288
57
50
-356
260
149
1336
542
-1850
-290
263
622
192
-620
7
-160
1813
-90
605
-963
221
431
-538
-42
-18
983
-178
136
-53
-81
620
-129
435
187
199
31
200
459
156
244
399
415
-49
1759
-60
-76
415
-84
-84
-134
-253
36
-11
-51
22
-565
665
99
857
78
-194
-116
-291
72
72
-163
8
212
0
-162
450
193
256
-41
-383
312
371
-218
-1704
131
53
-82
199
-283
170
-425
-57
862
407
2
1718
438
1138
-511
-511
115
288
818
183
1
-164
237
-277
-1185
375
-595
81
-92
382
105
-186
-14
1045
86
-42
879
307
-597
569
245
190
1600
1758
133
1036
1601
-366
229
289
-112
41
-4
-14
1032
-1350
144
1330
254
-77
-110
-176
16
384
19
13
1587
24
1739
663
-524
-291
-327
-47
120
-475
196
377
1299
-167
58
-157
38
148
-246
122
167
-203
-3
384
193
202
-226
103
1611
286
172
-315
1077
-62
-64
1642
433
30
1519
1510
-527
318
-111
-111
1936
471
288
-88
-97
623
90
-116
-121
330
2
66
66
1024
-290
104
-225
133
171
1375
-18
-539
1539
386
-945
142
103
23
-160
554
-44
1321
-145
-79
-1010
-129
1706
-91
1882
-21
-1996
1138
-995
-1659
1623
-716
53
68
-1451
-49
-178
-479
273
244
-216
164
7
351
-395
248
-20
-424
-9
-119
481
390
119
-27
-1663
-179
-131
242
-131
-621
248
418
-81
-106
-715
-226
1846
147
-1667
-46
7
-21
-82
-73
182
-1394
16
706
-26
613
2000
-1439
-65
-230
-176
70
459
250
-234
-391
266
-76
17
-33
-292
123
-183
-601
459
-1222
459
180
-41
-1174
388
388
-659
1117
1042
616
1833
-1658
-515
716
-515
-572
274
1389
1764
-1113
-1720
-1348
-730
-412
-110
1884
-1507
255
105
-1128
257
-1419
257
586
22
580
624
14
1533
620
1265
575
-637
613
654
575
-659
14
615
-1274
587
232
604
557
574
589
273
299
467
616
592
563
232
-1988
90
165
-235
-658
257
140
153
32
321
553
1767
-75
208
-20
-58
-58
-143
-22
22
83
142
-123
34
-108
454
256
279
-86
407
178
144
-69
-1183
1205
-1062
636
-991
-318
-210
-39
178
-44
-28
-13
504
-272
244
250
-14
-217
237
-866
-453
-1308
-1477
-78
139
1348
139
-262
-111
64
-875
35
20
-52
75
1491
899
-478
354
30
100
-206
-1574
1854
210
-1592
-677
-711
2
-139
110
-20
-261
142
51
1085
-264
-951
1589
418
-650
-110
411
274
-288
110
-36
-157
275
308
227
-52
-210
-69
691
593
-1663
-83
104
-52
1977
-190
-306
196
-9
-379
239
-532
129
-38
1809
159
-13
-316
-22
10
-55
-55
-55
1040
392
154
-1557
121
102
-103
316
-1142
-1873
-43
-63
10
-31
-41
200
-3
262
189
233
18
474
1556
214
-314
-3
-56
116
-279
-1669
107
-224
-82
-1735
-648
253
1513
-20
457
4
-48
-110
125
-486
284
5
-18
34
-102
1509
-1664
-52
-66
155
-380
-34
824
-121
-105
243
277
-123
-109
96
142
15
-642
236
860
-257
-15
-82
194
286
-482
-195
-1142
-38
-283
85
54
1614
373
-125
-1012
-39
122
-405
-67
570
134
-299
50
630
309
414
179
410
100
285
351
-119
-4
259
196
-105
-59
148
254
103
-132
-87
-108
-18
491
577
-207
-576
-52
21
234
460
-88
-34
-7
92
-211
-1165
776
401
1391
-176
67
438
828
114
-19
-38
-769
220
-24
234
-127
160
-182
-53
1116
724
-866
-162
-50
-483
-269
173
-109
-54
80
311
176
267
56
44
-114
-28
-94
-31
-154
208
-18
84
-83
-64
257
1511
-50
-50
-53
92
217
325
568
841
1523
344
397
-121
951
6
180
123
132
-95
-130
-105
-107
37
12
241
-54
290
-70
-444
-33
-115
-666
1216
-356
472
-52
-124
-23
-119
-41
577
-73
-1108
-29
-29
158
56
183
-364
-161
-161
292
-9
283
284
1313
832
200
-77
-511
117
210
-203
-80
-263
-30
-107
-224
-21
-61
120
16
-1329
510
-233
143
200
-239
330
-525
65
173
25
1763
105
145
597
-76
110
78
1867
-725
-191
-26
-165
1591
696
-19
-53
-1130
-18
-1008
1148
-66
-31
-6
7
-12
-1512
47
-84
112
-6
49
-54
1645
784
220
1170
183
1311
499
364
217
-192
14
-1354
26
62
-53
-54
-137
-481
96
1673
-93
84
366
300
320
-919
195
-256
-725
54
-190
99
207
855
106
-56
-33
302
92
254
223
125
48
-110
-213
-65
-966
9
-120
-86
-79
342
342
152
152
-1540
177
329
-29
539
6
-179
-236
-29
497
-79
12
-14
-1388
-1079
1011
169
-295
330
189
13
-287
389
-1834
620
-8
158
-61
-12
-99
-196
1583
87
81
-211
111
258
-67
59
-64
-285
67
1919
173
608
16
235
248
329
28
-349
48
88
179
-118
-234
-971
241
113
-268
166
-202
-129
222
-44
103
-71
25
130
-190
625
-133
-151
1170
40
-280
40
375
-79
261
-196
-35
-91
-35
237
141
124
267
353
48
145
1113
-138
174
4
-53
421
365
288
-41
122
98
87
193
61
-115
-110
-85
-225
-470
-121
-140
330
179
1784
-41
-782
497
78
-1883
-25
-628
78
16
651
-1516
-642
195
-168
-171
216
435
-23
-53
114
755
102
-52
255
34
-243
9
14
139
300
1515
-1108
-884
-103
-9
998
259
11
55
-4
23
1526
198
289
-1356
119
76
-43
-111
225
-618
-99
7
-61
-1963
-42
1991
-947
409
278
-378
-76
13
0
143
125
-164
-1923
993
163
48
242
-528
-136
-174
-463
8
-31
-281
343
-494
276
775
73
545
1299
-123
-883
276
-445
-1667
247
-102
-78
-58
-145
85
-83
146
20
812
182
1418
-105
-1817
784
1932
68
-728
-219
122
1709
-1771
321
-755
1369
109
-533
135
205
-347
-40
654
-45
279
-1585
287
1999
-123
-76
25
-98
-189
54
-218
37
-1292
35
120
-112
27
731
-12
228
146
356
-365
-1977
190
-292
-1
98
105
97
241
421
421
222
401
-93
102
-1109
278
40
2000
20
-398
832
-14
140
34
21
-920
710
-141
91
121
344
-50
6
175
100
25
-1022
1329
1590
69
128
310
-75
-403
1951
-574
238
-306
-451
218
-710
197
50
185
1638
-818
-88
-94
-31
186
-1697
-316
-22
1467
-110
-311
106
152
464
464
286
-938
-48
-1803
-7
529
-358
288
295
139
-105
24
-291
161
699
-88
92
-808
602
22
-65
319
26
-184
231
-87
-66
-116
-321
117
456
1996
299
-1180
734
-1920
-737
-108
196
-164
152
75
59
1795
21
455
1036
54
113
197
314
382
352
246
1403
-116
18
166
213
222
296
727
-78
-1905
-14
249
-148
30
256
126
21
27
254
155
-75
45
7
-136
197
197
340
-76
9
-1290
-38
48
1099
846
163
111
25
292
-240
-240
-312
77
133
224
224
-527
686
-1732
1617
354
292
-78
-386
318
-89
2
1116
768
1851
392
335
-1946
360
637
1413
380
119
-175
37
-451
-1858
-99
-110
-68
1238
1639
238
330
-1250
218
207
-830
-258
-29
52
1312
310
24
377
660
478
-177
125
-970
307
-748
-748
370
-45
1
-209
137
169
350
179
114
-499
329
298
-67
237
246
415
-67
343
270
-38
-57
-108
1962
-42
231
-477
-38
135
1226
-453
-93
1607
89
140
1438
-1380
100
317
1271
1200
145
-116
98
338
1449
112
-44
383
385
-77
154
780
1378
-89
679
1526
-400
26
91
297
-137
-89
-112
229
-614
-404
150
-89
-82
-504
-135
-149
1840
274
1132
16
-103
95
-1043
-82
-1525
-1405
-369
196
149
-1861
1281
206
1281
49
18
402
1433
77
429
421
429
46
158
46
296
731
1170
847
48
-349
-496
286
-127
579
481
745
158
89
-52
675
-391
668
-854
389
336
336
134
51
95
-6
999
1736
454
4
886
1678
795
410
1980
388
-455
424
1098
38
1691
31
1752
346
367
-805
-995
-49
-6
-1249
-1997
608
329
202
-651
134
408
-148
-8
317
478
-63
-17
-259
28
-158
359
446
128
-539
-142
-618
52
443
626
-105
120
-249
-1
1985
-79
218
-370
-902
1971
110
497
-92
39
371
43
-353
1420
609
238
-490
152
191
291
-35
266
1423
-227
-610
83
382
345
-551
330
-155
-246
-136
-66
-111
-109
-287
-117
-108
-123
-77
-1639
-60
1926
-193
-1141
35
17
-324
29
11
-51
1651
300
-1089
-168
70
226
94
39
1057
-43
-509
88
792
101
85
88
-55
1156
-231
5
-750
150
440
171
-6
1778
318
1227
-82
577
264
628
-62
930
1
-227
-230
1164
121
-10
-10
137
-19
-86
-282
96
-249
7
203
491
277
-605
-79
442
-24
-79
1992
529
-12
-47
631
-15
-46
-46
961
7
-521
-1998
39
492
61
61
-1506
-186
418
7
-212
-46
-29
-1198
-42
292
-91
236
22
352
-111
-755
28
135
-215
201
-511
168
51
81
145
166
85
88
-20
905
990
1466
905
345
-247
171
2000
-367
306
-367
442
-104
-84
-76
-551
1441
-76
177
392
225
83
206
137
-163
-422
270
-448
64
179
302
27
-682
-365
-393
198
-682
50
672
96
-83
138
-138
296
199
28
28
-33
90
80
20
-289
659
65
-91
150
20
-22
-115
168
168
-27
220
774
500
-82
499
19
-171
523
-142
-453
1355
1355
143
1396
437
891
926
245
564
-120
246
544
-166
36
85
1667
457
1815
-9
-11
-304
321
321
-633
280
13
149
-186
-47
-70
-553
444
1813
961
-101
-1392
673
-738
-6
431
-116
119
-1509
368
37
1490
-1900
98
290
-1702
289
-650
118
-79
130
-1792
407
-371
19
-492
-47
113
-41
-1489
-1103
791
202
-88
-88
214
-97
-114
248
-41
703
-61
169
-196
70
-37
-195
84
-74
-81
-121
186
-26
-1871
-28
529
-302
116
-1640
1953
36
-1150
1999
-1037
-142
-561
362
-1207
484
1136
-182
-34
168
613
-320
714
52
1468
-1057
60
19
1414
1414
1835
-180
-180
136
215
476
-84
269
-786
55
400
248
1920
376
-302
177
390
275
237
151
142
-43
230
-84
276
-392
-120
63
147
-529
11
-1860
-198
99
1992
-308
1439
722
1080
555
-709
900
-17
-304
-282
-329
90
204
716
-65
211
-657
-1
1971
379
-338
197
196
24
11
-890
1754
230
293
50
-113
209
192
-796
-145
1692
115
-98
-79
10
-232
-175
87
-215
-1470
145
-335
-246
255
265
-57
-17
-227
-405
-201
-1081
-132
121
276
1080
-258
-146
45
43
124
-400
225
1967
931
35
24
90
-2
-1116
507
-14
-90
267
95
121
1033
-482
41
-1146
98
-1113
1010
1916
-59
1218
-415
192
14
-24
1039
-97
171
112
203
-649
-188
138
-47
138
-43
-40
37
7
237
-62
228
-918
284
868
99
251
53
1638
430
1708
901
61
69
37
-56
614
180
973
1407
-1305
-345
1579
-139
1456
-149
38
1622
-304
-1566
-1024
-118
225
-383
24
-153
19
-125
-560
-27
-252
332
-21
-503
158
61
-660
264
809
30
-110
-237
9
-228
-178
443
-798
-478
389
-109
-226
100
-240
-244
224
-57
-57
-431
779
229
-876
236
47
1915
-793
503
1517
124
243
94
1404
658
-1309
1465
-1235
779
-36
305
385
114
147
139
-470
-1661
120
-786
-786
-786
-33
87
1386
1683
1683
135
-491
373
403
80
80
-475
-92
-765
359
71
-718
801
235
688
85
9
756
-901
-90
113
-47
-15
311
-1602
-796
481
528
1399
-104
-159
228
421
1619
18
-346
1811
1087
-105
-105
-254
534
128
-25
-1211
-134
440
1347
385
-15
-429
-429
-48
198
824
-1159
-1326
1192
1662
-69
-38
28
-108
-17
-806
93
495
88
220
540
-280
-1702
-398
1665
80
11
50
-223
120
219
839
1092
92
-4
523
-378
-1918
190
167
1045
-7
967
1621
-888
1606
-139
-196
1802
-92
130
130
176
176
780
-105
-344
192
84
-1761
-90
252
200
-80
326
147
-596
-596
88
310
208
210
210
352
205
1868
369
1792
136
-565
301
-169
-1636
-8
-89
237
-714
-425
184
-112
658
698
-43
-5
-1920
210
-541
26
-19
1094
326
1472
23
-1264
257
169
34
-613
-1904
-159
257
-185
-14
1373
-74
-131
42
-452
49
704
234
455
377
-391
202
168
-96
122
87
524
-63
-86
-1680
-87
-162
1084
1608
4
28
28
103
-327
-688
153
-460
13
-178
-178
-1929
70
92
10
86
-352
1696
-42
289
-115
-111
86
-275
-25
-163
48
135
-102
-80
6
-13
210
-80
11
-38
-72
341
105
-838
19
1207
233
-1678
-24
148
-16
242
21
321
-8
-205
-186
687
5
226
672
-81
282
-90
186
379
388
-70
1632
-1794
-1710
136
353
-1633
237
-188
-131
303
730
-61
217
201
-69
185
507
-139
-100
1735
1268
74
-198
118
78
1234
-799
1177
-529
403
212
-295
197
-155
211
-118
-1768
18
609
-836
403
-32
361
573
1670
-352
93
138
369
197
-1253
3
-1668
-1879
-45
-912
-743
778
1475
-1353
1475
70
101
1468
858
1469
163
-659
506
479
-108
238
575
91
341
-307
-571
-33
-81
100
116
1912
-81
-1850
-201
-178
79
-59
111
-341
1095
-188
-10
696
298
-1746
260
-15
802
124
-109
-23
24
637
-76
249
66
806
-148
-513
188
1406
1212
229
98
-1142
-1396
623
84
89
-5
-112
1777
-88
-62
21
21
-362
-87
120
1447
-295
-158
1544
96
143
8
250
134
-233
125
1712
204
206
1979
-35
-357
-489
-489
149
-1540
78
1772
187
-1350
-69
144
175
155
159
218
281
146
483
453
444
462
183
431
481
421
511
185
430
197
220
131
290
1548
209
111
153
150
110
1798
1983
-1208
353
140
186
203
-105
176
188
155
203
244
652
-4
-41
-26
-735
152
-1749
-105
-208
-132
-107
113
-133
-86
424
89
27
26
-95
26
286
-71
1028
-1126
-64
128
157
1390
-28
99
1935
485
-36
-12
-113
-210
132
4
1890
492
7
-41
295
-62
-65
-24
-49
-4
336
440
-1085
24
-769
-769
283
162
-1572
261
-8
-1573
-1089
-112
204
-233
92
437
176
-96
-1395
-126
-748
11
423
-90
50
639
329
576
191
6
-282
80
-283
227
196
-498
85
-81
-36
-99
-71
13
49
-27
1751
-148
196
393
8
181
81
-11
-66
-552
-271
-271
108
231
1892
142
-1566
-216
112
-221
40
1699
792
95
168
-302
-22
890
7
222
-91
-92
336
1527
-230
-167
-25
-25
374
-292
151
-14
-14
-69
-85
-482
-195
488
-104
-14
-153
247
159
303
88
-1053
-289
-224
655
18
218
186
-88
-75
303
-1200
1225
1768
127
-1200
252
972
1109
-1143
16
82
-278
325
-361
203
43
-852
1122
466
-268
439
-24
363
130
-32
1987
-143
526
56
108
85
1031
333
-552
1439
176
348
31
-154
1077
1567
1896
-1155
-65
-166
100
30
-89
-112
56
72
-33
227
80
77
12
131
-83
417
408
488
-60
307
219
219
-964
431
1106
54
838
12
328
-184
-440
-16
-104
192
1963
29
-89
-260
419
-660
-130
1
278
-107
-82
-244
-880
380
-27
131
596
-125
-172
-172
5
1079
-36
-816
1663
864
-235
-1563
-36
65
-6
-1089
-532
-26
460
170
173
-734
-213
343
-79
261
-164
-22
-245
959
-491
284
1865
-44
195
199
-243
-133
191
1540
415
169
480
-749
-704
35
-37
223
532
1151
201
-456
164
-1762
1267
-30
-1949
55
-44
363
214
-25
-2
292
524
-43
-167
1247
-671
80
-510
145
425
896
924
519
-77
-590
896
426
-3
14
259
267
-31
-816
-81
-1274
789
-93
302
-158
-149
-155
218
669
-43
-111
4
1374
111
1976
-416
-872
-87
1605
-143
306
-79
-273
-1017
-40
35
-417
-69
-613
333
-1322
1194
-1673
1936
-1339
-82
-534
-950
-138
-1667
294
1818
-4
23
-174
27
-207
437
843
130
267
-44
-42
-92
184
-564
789
351
526
149
487
14
-259
911
866
-365
422
-107
-140
-23
-81
-1484
112
311
-466
-555
454
-69
353
200
21
165
-427
27
-80
-12
45
244
216
-260
212
-314
-53
82
94
322
91
-1117
54
-134
677
-108
67
106
-77
-167
-22
509
94
690
-687
-49
169
45
-40
45
-112
-1
346
-156
45
499
96
-66
-317
1083
163
1848
228
242
133
-348
51
1249
82
731
-127
40
-1962
-42
1130
313
-547
-1332
628
-1918
687
145
-101
729
-114
1733
420
1889
314
-1323
1513
-589
-7
754
-256
388
-52
-1970
-103
-43
-84
1698
-228
1908
-67
272
651
-220
52
-359
-56
123
250
238
321
-904
136
-357
366
194
572
-391
-155
-989
-13
-593
104
983
-52
-25
-746
41
65
49
-232
153
-271
1692
-1745
-121
108
219
-1160
-80
1960
238
-111
142
-396
131
157
1943
-36
-113
-168
-1808
-374
86
-267
-200
5
1
87
1135
-264
108
-462
213
216
298
298
-124
409
165
-29
2000
104
1863
227
-355
158
-308
-1877
-69
-76
178
200
-105
1027
-166
195
-74
-354
-134
377
28
124
-215
-297
17
-91
-148
36
-367
172
1360
1644
1070
-317
-1997
-37
-77
305
-23
199
182
-324
-151
-13
-331
471
281
-106
-1697
389
-607
219
-1494
-355
215
114
-1573
1359
1753
56
263
11
-36
-93
543
38
-40
-152
1930
30
-91
-48
158
-56
-1236
1038
136
-116
1566
-7
298
784
-1115
266
809
-159
-13
-31
-147
-13
345
1051
-117
165
-16
-91
470
-280
129
-110
-14
1972
582
131
298
267
790
-855
322
553
-119
-550
314
-718
-165
-112
-77
104
341
-307
249
-340
-369
13
-188
438
218
-618
50
-174
36
1305
1241
297
286
-96
-117
1807
-76
-81
-277
-68
402
708
894
-97
-25
353
-14
1553
331
29
-534
49
-25
116
194
-54
2
-370
-214
-1049
467
9
545
100
-502
864
-5
243
-284
842
216
-1516
1261
-1205
21
-814
420
-12
318
-149
1107
346
-1946
776
637
-57
-254
1188
-875
2
-106
108
-66
-102
274
303
303
2
829
-202
397
-83
-484
20
8
-286
-42
-355
177
-96
177
113
-469
-67
-1090
-203
-82
-167
186
139
-8
-343
240
-33
215
256
327
1897
-425
902
-18
193
193
236
143
-56
-125
1918
1331
1999
-16
160
313
221
-1101
-412
-203
-1758
11
-575
190
81
623
231
-9
22
19
268
-65
-65
-65
320
1971
363
110
-74
-22
1611
161
24
-19
179
-22
88
269
-168
910
516
-32
317
-82
239
-1066
-38
119
-1418
2
200
409
-1813
-154
566
-147
474
724
86
-706
417
-3
511
320
-351
-1000
74
12
306
-15
-8
1430
883
961
-1867
-1351
-502
-12
552
-145
-1881
-25
219
-382
18
1820
-361
-145
-1272
999
1093
1681
244
1402
-206
149
-839
338
656
79
241
-1818
337
1958
-114
811
-335
1280
-123
-14
1362
1730
1
-466
177
-74
-265
-13
-82
-117
-362
-197
-1484
-916
153
331
82
11
95
4
4
389
-467
-40
-312
214
-1120
438
-41
230
-1631
-253
307
-3
-12
-49
145
29
53
-9
99
-110
-50
111
99
1803
16
546
268
231
50
866
996
237
104
232
78
-1459
243
134
11
-2
-92
5
727
36
231
55
87
291
422
-1803
160
-261
-162
14
-92
-32
-129
115
-30
20
573
-1430
85
229
-340
-861
15
-135
-11
252
61
-75
135
135
135
30
40
234
125
232
232
-34
205
62
56
-656
115
-51
-1298
258
-784
-24
1670
-35
-481
-65
-185
583
227
40
917
-1347
492
-4
395
-1550
1376
-60
76
45
85
21
189
200
520
-538
163
-110
40
19
208
374
-180
112
17
-54
82
107
-17
-11
148
-1565
328
1724
52
-217
102
-4
1000
55
1186
56
-1047
1402
180
-102
155
108
104
-40
-668
-1987
-290
-86
85
-1133
167
1397
70
-213
-168
227
236
53
-10
233
5
285
-43
216
457
-24
-12
25
1824
1824
1224
-269
-545
-1674
-30
-133
58
-79
386
15
619
-76
231
207
78
551
326
-682
-62
-525
-22
251
-782
1719
142
-814
280
-1240
-1919
-1240
-1240
153
153
-133
869
173
1535
89
1415
-1013
-27
139
255
-476
-379
176
1503
1806
167
1728
106
412
15
-1
135
-291
127
-19
260
1502
-2000
-1
-7
87
-1656
-1374
-744
-1041
138
-1615
485
1223
1223
-99
-26
-81
-699
59
934
104
931
-107
934
80
103
-352
-352
285
-32
1294
-1378
693
693
-82
1214
953
1894
102
21
-39
-607
271
-672
-557
-2
13
244
297
329
366
142
-1711
150
60
60
-182
120
369
170
40
-74
-1403
229
203
-18
-1755
17
423
92
-147
43
-1123
67
102
1773
-214
302
302
302
118
-168
-237
99
-190
-299
-268
296
-14
26
268
154
142
55
80
-44
-229
-103
131
131
-79
-550
209
29
6
-1176
170
46
219
286
162
219
70
-28
-102
-42
-16
-7
620
-98
197
80
227
-42
12
477
251
394
348
1946
20
-618
-522
345
-109
894
136
-59
770
13
1932
-1667
43
82
-356
65
-1500
20
728
-40
195
-710
-723
946
131
154
131
1021
180
309
-7
314
292
364
282
381
355
372
372
372
274
362
362
319
351
317
369
386
386
245
353
292
290
231
387
292
340
387
340
347
347
359
-386
262
-1215
-21
-675
-73
-654
87
120
223
432
176
205
799
6
-45
-1998
-1737
-76
-1925
-82
154
1451
160
-80
119
-384
57
9
140
349
1239
-136
-1637
85
-1523
1369
388
116
-981
76
-333
244
280
1490
248
169
-24
-82
771
102
402
51
17
-42
-888
1987
684
158
-325
-554
499
129
265
35
1474
-3
-127
-26
1603
146
172
-1708
65
-6
-515
264
478
-499
-6
-76
-31
196
159
-234
192
218
187
264
168
-907
126
-106
-1689
482
9
96
-372
-31
1196
365
483
811
-219
132
-196
94
-88
-210
-998
64
94
-998
2
1655
45
397
1067
-985
-340
14
272
459
-95
-1910
169
522
1496
1496
806
72
378
1
59
474
55
1943
-725
129
358
86
86
-42
146
-37
113
-26
218
-28
270
18
56
18
117
538
28
-158
63
-537
259
108
19
50
-665
50
-34
113
407
-1851
1174
485
674
89
-33
87
79
-5
386
456
186
162
99
-103
154
-626
211
20
-130
49
1282
485
-12
50
124
-25
-453
-25
-21
-73
28
487
-38
-38
-38
-759
7
7
1283
8
-340
3
1662
-12
-1509
237
1565
-1630
-1630
-1630
-807
34
-43
12
57
312
333
-1662
365
-1600
327
344
376
378
-1974
-1613
379
362
359
380
344
271
435
382
264
360
-1520
-1955
331
286
379
352
345
345
-245
346
370
385
382
295
349
416
359
264
223
365
298
328
-799
1090
-18
-89
41
-319
-1977
155
248
875
-1160
-1951
206
999
261
224
-1443
707
225
173
-1436
-323
-26
-4
-54
11
163
-16
45
859
387
249
-476
158
-108
-583
-23
129
-103
-224
423
45
81
-674
130
132
355
331
382
80
-230
-167
-9
346
-1017
345
-773
-79
-111
530
14
-640
1395
7
-102
545
691
1594
1525
-123
-1118
298
18
1058
60
140
-229
116
108
1938
93
307
1997
-541
307
-541
38
1308
-1280
-23
703
864
1768
-726
-17
53
-1989
793
77
-613
215
-235
-37
-23
-620
269
-548
995
-113
-447
-156
4
-154
-108
10
-1820
-464
299
-902
-6
5
-354
157
-768
107
-149
-173
690
-180
690
-15
144
85
229
-60
22
-85
-560
471
-349
-49
281
-58
281
-776
161
26
-25
-152
-152
-98
1031
117
-212
96
32
-1021
126
279
-73
19
-961
-282
-12
-242
1577
60
-7
-47
219
-1290
-488
99
140
65
243
243
-62
-432
865
227
83
138
192
53
1300
1787
942
143
229
180
-468
-18
-118
852
-168
-130
21
361
401
181
341
804
1272
-1621
1515
-1889
806
1925
-15
-1
-194
-128
132
137
1995
112
120
294
391
43
-351
203
563
384
-69
-77
-1403
-1
8
-10
-65
199
-357
130
-532
-323
48
132
48
-47
-47
1775
1628
60
-1355
106
61
424
74
147
-95
-10
1285
296
-414
-49
-76
1502
849
-620
1047
91
-705
-1670
-1670
1904
1847
-555
185
173
-1577
1060
-111
1727
414
-32
-558
187
-768
1865
921
133
52
184
52
-372
399
-10
484
23
-1609
1998
1162
1777
-1816
132
-1630
-1636
-1527
-1256
-1307
-1243
-1179
-1217
-1195
-1297
-1326
14
1972
-24
-82
-54
1
539
217
-1531
939
-1531
68
-30
114
-1694
266
1630
29
219
66
-69
734
613
198
613
198
236
228
242
241
252
142
195
-187
225
83
-2
0
0
-76
1613
-81
31
1544
182
1495
163
-6
-612
231
218
-1981
1084
16
16
21
-1168
-476
-12
6
85
761
-85
-8
106
1059
-1480
932
932
1051
-958
-112
16
81
538
-826
44
1271
299
1262
375
-221
268
64
16
-56
582
-33
-820
94
30
1480
345
581
310
-235
-56
-1144
-36
786
413
92
455
587
53
-205
-76
744
1764
585
-1399
-21
52
44
-2
-370
18
-1034
-370
8
1051
-480
91
760
-15
406
1042
84
295
925
86
-250
-35
-17
-113
211
36
-162
447
-1951
-198
245
-146
138
-76
-13
-106
41
-1834
141
-160
-1788
89
-944
192
301
15
-355
-1
702
1933
-182
-25
-301
-255
-50
-534
-1970
443
-1228
365
20
385
1755
248
-358
27
1707
-175
-158
-353
815
1526
-1795
119
22
1999
-77
7
-932
1795
1053
45
202
538
-19
121
53
-56
-121
-458
-1096
-12
1186
-164
76
-169
359
-508
-66
79
132
192
71
565
-8
-1431
-1456
-141
-1398
-1155
58
140
-1600
-734
-118
-185
-234
45
1199
823
773
-127
252
-43
-736
127
29
43
304
-1399
1260
362
-824
710
111
-3
-447
214
31
205
-38
696
-1052
-73
-36
-361
305
177
-62
-590
101
128
137
349
224
53
424
-1239
-665
317
-36
-56
847
288
-560
659
178
1833
269
311
1915
83
1379
1330
-220
-1394
-87
903
-220
514
316
749
1
903
747
1297
-239
183
407
76
1059
223
113
1996
-1639
49
49
1151
-1215
1376
911
-15
620
187
172
-86
-315
855
-315
-109
72
-268
1946
1301
444
-9
-86
-9
-1663
-17
169
-86
-86
-172
-106
335
361
361
-109
316
-39
-53
-53
-98
-67
-77
-24
350
462
441
-30
-24
-91
-254
-91
940
471
-1344
-1907
423
-36
-137
171
-77
-77
-16
437
-328
119
102
1632
79
105
63
-1734
1351
384
-1966
-8
1163
-1278
351
145
-1194
-520
188
-955
279
1678
1899
1899
1305
1967
1678
1674
1659
104
24
240
1688
-1585
35
1492
873
1902
374
76
1333
1333
52
-18
27
864
272
1407
-851
-1504
-6
644
81
1440
727
-1511
196
1538
36
45
1420
462
596
350
504
-1759
104
104
-115
647
-218
800
1124
478
-1721
64
1363
-912
-1889
-332
108
1580
-1669
-41
1725
297
1462
-803
-18
-18
-724
-77
-383
-19
49
1200
68
49
-64
1177
299
518
-445
25
210
263
1243
12
22
175
192
-118
125
31
59
-42
130
130
-924
1751
252
102
205
141
160
380
168
168
168
274
274
125
257
223
251
-1805
251
148
261
261
127
89
211
150
196
184
226
-1869
188
188
334
181
196
131
160
334
131
129
391
223
132
223
311
877
-40
-35
12
48
-13
-9
339
353
-46
-46
257
257
257
7
-36
-44
180
-460
910
50
-544
117
190
117
-11
142
219
-37
461
199
-154
-466
-854
-15
400
1401
362
-50
1643
215
19
-748
-1295
864
-1887
350
145
-1899
283
168
-41
-175
-8
-528
184
170
-55
116
-7
-202
266
131
180
-379
314
-123
-201
977
169
-290
2
113
-310
1160
983
-21
783
35
-303
-10
54
-19
214
1779
374
-117
-36
150
1981
166
257
90
80
-111
-211
-201
256
-54
8
1992
80
-1745
-124
399
-745
253
-10
301
-1577
-1577
83
198
-79
-14
291
934
790
-184
-419
237
-109
238
-11
-73
149
96
650
33
-59
-12
49
165
-10
-705
241
282
-427
241
-8
209
-84
-268
476
-431
-67
31
301
-216
-54
-136
113
1987
782
-246
7
-248
-82
-572
222
213
67
-376
-78
1277
54
-51
143
27
118
-28
113
-126
414
-156
-83
191
-17
170
1781
1165
-60
-356
1
721
-45
307
1851
0
-343
-511
228
93
59
428
-29
-45
9
-1649
784
-143
-6
-45
102
-421
238
163
-22
-335
-636
-677
1937
-182
-89
-52
326
-1951
1350
260
-76
364
-195
-76
-1796
442
1846
425
470
-1633
869
-15
170
-100
503
193
86
-85
308
-32
-264
1605
-1248
431
1134
-52
-1793
-237
309
-504
79
-327
270
247
-327
-134
501
-111
19
-1018
440
219
269
833
-466
-70
-10
-10
315
-170
140
259
6
-85
-127
122
17
195
-113
-13
-204
644
82
1800
425
14
221
-433
169
228
-597
303
143
-1200
549
228
-886
52
-38
-113
-96
-313
393
149
-343
238
-1133
793
1998
-107
-120
-69
664
664
241
229
883
-174
763
175
-28
157
157
-39
137
174
-254
-507
-65
-65
15
-27
-56
-37
-65
304
-317
358
1108
510
-902
457
-79
-281
-1959
-210
-20
33
846
476
51
296
1660
393
-136
487
47
-98
-1061
-120
200
766
-34
-40
16
-41
-1153
190
-81
-130
155
-601
80
744
-244
426
-59
441
-85
-74
358
1656
170
-455
207
1281
-921
237
-42
-540
178
613
456
-691
-518
226
506
-1622
-1764
-918
261
602
-79
792
89
-48
170
-7
201
1187
115
215
178
-50
319
-21
-55
-144
-27
355
8
255
20
-26
20
143
-514
108
296
-31
-255
1046
315
322
782
546
-70
232
640
-51
143
288
85
-1168
160
-146
-264
-1981
869
-97
39
149
131
201
-57
99
299
342
1913
-660
214
-59
-61
-1473
-1027
392
-925
203
493
-482
235
-76
1556
1172
-23
-280
-749
-60
-18
169
-140
-20
-1302
260
437
-4
397
1343
1133
-1886
1292
-213
65
141
-43
-84
340
-109
-445
273
-129
-232
-10
-111
-442
-4
-114
308
-13
-396
-113
124
26
24
192
-5
178
-678
797
-373
12
-26
-542
-23
206
422
486
422
192
1241
-47
145
920
238
-768
-936
49
213
40
310
50
207
-1997
911
1238
1563
1878
-1138
501
80
4
-504
-13
-74
-81
-103
-103
-195
1035
592
1052
-113
-113
864
-104
79
-214
-104
-63
69
31
-63
614
387
-60
-224
-111
-27
1527
-1409
153
983
-584
-23
-581
1971
-145
276
707
408
625
-866
-62
-4
261
-2
210
276
79
331
-15
444
-15
62
137
445
103
-130
841
180
125
87
241
-162
1849
554
233
-106
-30
-80
8
185
-359
1331
-85
-85
-1452
1331
-705
-315
-1575
-1354
297
-117
171
-1167
489
707
-19
672
212
148
-108
-431
174
359
363
648
111
1288
1985
-463
-347
-1299
-1263
1850
439
-2
-29
-48
-930
-102
56
21
49
2
0
-30
1462
442
1171
156
-32
1103
96
1
-621
282
264
-1140
1748
519
-729
328
400
53
-85
-245
-19
187
1756
-1089
241
-48
-369
69
-88
659
1079
43
181
8
381
-620
64
-301
-751
-1060
773
638
-784
89
-1604
-1416
230
1110
-73
-22
-81
-57
560
-587
488
263
-107
24
1109
-345
521
1912
526
-22
-59
-107
2
177
-29
-11
-1210
337
278
210
-319
211
540
-88
1126
-177
761
158
-31
197
-306
-60
-48
116
68
21
794
224
-82
-323
200
151
-102
711
1383
372
119
192
-656
233
580
256
-28
886
-32
11
36
218
1732
-287
282
475
118
-698
31
-14
-1021
266
57
189
1845
741
53
21
-58
-667
448
29
-11
-459
110
288
1484
100
-409
97
46
234
94
1720
251
-1610
-52
-664
349
775
425
272
333
1280
171
257
51
-57
197
1704
-1808
-36
-307
-74
-13
-346
806
-204
168
209
-112
-21
1277
285
347
1885
387
268
10
3
-333
-243
380
-1150
-10
235
-111
-705
-45
-57
354
-1882
157
-20
482
-656
-192
-44
26
705
-179
95
641
-273
36
-23
-23
193
1955
619
-19
-216
-1462
1406
-138
16
-1540
142
211
-38
-410
-136
482
144
1307
-1319
-95
365
-105
773
-31
-235
12
-948
163
65
-1135
56
534
1495
1429
328
234
234
-1215
-1451
353
-183
104
104
260
17
236
-541
-63
-667
-188
1414
-568
167
-372
77
-624
466
468
595
-100
234
-39
457
88
492
-156
-71
342
222
108
496
496
-24
-937
1416
-221
161
-94
-1766
260
81
-65
295
94
-9
1957
297
213
1521
-1129
-188
401
401
1499
370
-58
312
-28
48
109
158
78
-20
-78
378
-588
-1796
287
-39
-1592
45
126
130
411
33
22
-126
-211
-197
179
-23
651
-77
-337
258
636
-198
270
-39
-703
757
301
21
-44
-1898
-1802
-890
261
-1507
52
185
-145
-71
-132
145
-116
-33
-31
-1060
-78
101
45
203
-7
383
-116
263
84
-85
542
-416
410
117
-196
-1625
-168
-107
1041
-13
-172
-93
-78
128
-642
-667
205
-210
-94
-963
85
176
-22
51
-104
-199
264
80
-107
917
855
-88
-98
14
291
300
-634
247
-1982
-962
-1162
-627
436
-41
0
741
425
198
-687
647
-119
296
-434
95
-68
568
29
-427
313
20
-72
-110
-217
43
-1042
-1528
-112
-300
553
-751
550
-1342
339
-24
589
-3
-308
-1719
190
556
-40
97
-107
12
51
1501
318
297
-1822
-439
120
803
-81
164
-1959
78
233
6
195
1356
497
-136
148
-3
-67
-1162
167
-114
-112
-70
-42
-128
549
131
198
281
996
-31
-1322
-1693
-45
-1033
-118
1975
-29
403
1789
-30
-84
1581
-118
-1824
-1121
-543
628
-74
-230
1167
216
-323
188
-528
65
512
22
108
-21
605
-240
-600
111
91
198
-188
-188
80
104
274
-8
-484
-75
20
-89
95
76
970
-194
99
-111
-1706
-10
-17
-423
230
-936
-180
-101
-115
466
-1377
-936
506
534
-336
-109
304
658
-26
286
-733
-25
190
-73
113
635
-208
-75
-127
-55
51
-471
62
-1529
198
1549
-20
-1233
-41
-84
-75
-44
311
-823
984
-141
72
35
35
161
-126
-1496
-1173
-208
259
-69
-10
-1295
708
-60
290
-586
-205
631
-50
1096
-234
-1110
1896
499
179
537
100
-837
1121
-1310
-20
-90
1895
-1978
923
125
-258
209
156
-1488
738
-130
826
80
1157
342
-1484
-1396
3
238
80
53
119
80
-241
180
124
62
-272
120
-1316
217
-1088
-149
294
-17
1008
512
88
1931
-186
284
-1889
1532
-90
992
1071
-460
-490
1777
1932
-59
-987
-393
-73
-31
52
-54
1456
215
215
26
1476
1079
-137
160
-83
209
392
138
92
-68
-144
-866
687
176
-687
-563
560
-1507
-84
-133
399
328
560
850
-28
-160
457
-729
-8
133
-1462
-36
890
481
167
149
780
1760
251
642
59
-188
-1265
241
-137
-225
-207
215
-25
12
166
293
286
939
-888
-334
142
-37
-1712
1948
1414
21
-1938
-1499
216
148
-150
-1289
-331
-23
759
-41
256
-15
13
-148
-48
156
242
62
124
975
-366
268
140
1036
-1839
7
1615
-66
433
488
-110
447
129
-39
-86
51
1286
-712
1286
1169
-222
50
1173
-563
117
299
275
66
66
-342
31
-176
80
1442
23
1677
1677
1677
427
-494
79
1999
30
300
359
1821
113
113
262
-40
-89
-89
-90
-77
1998
-134
-123
1510
-29
18
122
178
183
-352
-33
167
-3
-987
291
344
415
568
137
-407
808
-24
196
178
119
431
228
-118
247
748
-1073
-12
16
-177
194
1601
6
-132
197
-895
252
-500
1552
111
-115
750
12
-1130
437
152
71
1135
1266
-153
118
-409
265
1364
441
55
-105
180
-1545
-184
1794
-44
302
-134
238
1373
-513
6
6
-23
28
-391
-73
364
317
-293
-804
130
-400
-641
-70
173
-113
37
1410
343
86
213
297
-55
146
204
932
-91
780
152
203
1384
554
-6
165
916
570
-319
536
58
-510
376
-975
200
553
60
776
-103
-333
34
171
115
274
990
185
-48
146
-353
197
85
237
-96
1625
-233
-1275
573
-1653
-13
-113
-49
-97
182
-358
-84
16
567
132
1029
444
-264
-13
187
92
-1139
-161
285
65
-143
-10
117
294
-104
-63
-561
-1019
-115
82
250
-1869
166
905
6
1868
-461
295
1802
108
-1387
-60
146
13
1451
806
121
171
122
131
32
150
265
900
401
437
211
74
-76
285
321
100
51
8
165
19
-31
176
182
-6
32
189
201
-104
1892
-16
949
57
-1172
24
-736
24
143
-215
266
-1656
144
751
-1000
-169
-39
-129
719
-19
-121
-121
118
11
11
-90
22
1543
350
107
118
-17
234
335
79
103
34
334
-56
26
-383
278
-115
-79
-1309
57
1480
177
14
116
233
-388
801
208
-109
-128
895
372
417
179
-77
155
409
-140
130
390
-47
-129
12
129
1619
-42
49
-103
166
-64
26
90
-504
-66
7
81
-39
-33
3
-12
240
-3
212
-106
48
114
60
99
54
-1272
1264
1585
-130
-13
348
348
1180
120
38
813
-39
-166
-225
-49
-166
1371
151
281
874
91
-100
1877
23
115
-41
8
92
-339
-196
86
-177
978
70
474
869
1836
181
273
-59
334
-58
8
177
73
51
223
-2
-114
-367
-1121
327
62
435
729
-87
85
485
276
1301
-194
186
-42
-6
-81
108
705
-4
-211
125
-35
20
-284
398
-1953
-235
-5
-44
-122
519
-548
279
48
890
-104
-63
-58
220
281
-1975
-180
495
-699
79
-381
139
92
83
998
-32
161
-601
-792
-115
1158
13
1008
-127
-116
370
-58
-344
133
81
187
46
1659
-750
353
115
-258
-25
-200
-370
105
374
608
-507
-1039
814
-1039
290
-76
58
-162
-390
224
-109
-433
-109
-175
2
-230
651
437
-670
579
387
-630
-1310
170
-1706
-332
-1390
883
867
-833
114
-577
199
130
-62
-533
115
229
-13
-176
18
149
633
-13
-136
1651
-1876
587
120
-124
125
20
-1176
-154
850
-57
-55
15
175
211
180
227
-95
448
339
-428
144
-1260
-1722
303
294
122
-1797
-25
28
210
1507
-63
-1611
-1483
-11
135
108
300
300
300
-305
-1746
-386
1794
269
269
-209
1157
1509
-534
-96
1273
111
491
292
-1
-1490
63
96
-1587
238
17
-515
1094
-88
1153
-591
1600
1964
37
26
-86
-78
28
1950
-99
-592
-484
1034
94
298
-1298
-52
-92
-89
271
1305
334
-22
-187
501
-922
853
-139
93
1006
1467
1555
22
118
296
376
2
-1332
249
-417
657
380
-1802
313
688
310
-1739
-1529
135
-944
153
184
154
289
136
454
1622
-647
405
-118
879
-76
-104
-58
-35
-86
-362
243
2000
243
41
237
-656
8
1561
680
-746
-47
-47
-20
-27
-113
322
-32
246
-930
-84
-1621
-1345
543
273
-131
-131
-131
695
241
-481
1309
1578
1969
562
-199
-67
-70
575
269
180
186
1846
527
433
350
94
-269
48
292
-399
476
1913
255
-373
228
-819
-300
162
-467
-10
94
265
-20
-53
-43
168
-227
-35
-1136
397
48
-88
-1648
16
98
993
427
395
6
-143
-1164
517
54
78
-154
1277
-1776
149
-63
91
-222
-92
65
372
339
536
-567
221
1408
-191
1766
-1882
201
156
-35
1105
501
49
-1952
-82
-174
-138
5
1031
79
-82
393
255
-120
82
-34
348
-1255
40
-108
-1655
639
707
136
680
1281
205
-109
236
-68
346
-261
168
-30
-1703
-466
-37
1160
-86
-206
1458
-44
-118
-965
462
136
1988
-463
1674
1839
-704
1885
237
-335
-693
376
3
-57
-2
-18
-25
-1625
135
118
691
-948
51
-332
859
924
-1996
183
345
-59
246
489
-141
-129
91
-23
348
30
-1287
245
50
-167
131
132
-948
180
-927
885
1443
302
-50
605
-468
1995
482
-161
-161
127
-82
-48
-60
196
-447
118
85
-29
-11
-5
-1173
-1449
55
202
-13
26
92
-1835
-319
-46
378
-2000
83
293
-398
-5
-97
222
458
-259
946
-172
-22
-671
28
-179
408
-51
116
-379
377
842
-261
-314
266
-85
-51
585
592
1443
-44
587
1455
-945
-231
1997
606
-1578
-148
-14
907
27
13
-1157
-1178
-42
-1139
-1458
-647
-567
-1105
51
70
-393
52
-1039
68
1572
151
343
-45
-1710
582
566
572
1386
-31
-1251
90
-22
-39
303
-112
-498
190
507
266
28
-1675
441
750
-1
-452
349
123
-262
-1982
-154
115
-15
-90
-211
-43
-943
87
940
-83
-83
-83
110
821
-930
106
-126
-25
1740
-31
-194
-262
-157
77
-18
32
-29
-254
111
-191
96
-35
1270
1789
461
-35
1306
-356
136
302
-44
283
-1296
-80
-33
-663
327
-20
108
48
579
1100
117
-53
290
-17
-361
74
-62
80
165
765
-964
-69
-99
1974
-76
-41
184
238
1259
195
-255
8
83
39
15
-488
155
-36
87
-617
15
-36
30
113
164
-139
1301
160
99
-164
306
-54
33
-25
-61
787
50
-172
1407
1301
1077
-370
279
-348
-773
-25
-24
-38
1679
166
236
230
396
-117
57
-50
-464
-359
1998
209
-424
-150
1526
1553
1912
1954
281
-506
-85
25
253
177
-123
151
118
-1865
-150
-147
5
1639
59
283
-374
-110
1223
-42
-107
-1010
-268
-79
-74
-44
-92
-52
15
422
1551
227
-219
-120
-182
-219
12
482
429
141
185
-181
80
693
-275
1327
-98
-561
-150
521
37
589
79
-82
617
103
-50
-509
168
-103
-249
284
-218
103
87
700
-83
712
581
-1204
171
205
181
181
198
139
775
1313
350
115
1574
-65
-81
-69
255
-121
265
475
57
274
116
-1337
-89
-1709
212
291
393
577
168
-106
-425
-35
1911
-371
542
-71
-220
560
761
100
-1043
-610
170
68
409
-14
111
-381
13
-140
365
501
-102
1
483
195
79
272
145
51
-132
-302
950
-94
84
-589
-35
288
-172
-3
490
-14
340
166
-136
-436
-14
-26
53
-117
-18
240
-102
132
-26
-117
154
0
64
353
36
-40
789
-42
121
-42
157
305
-27
-12
-78
233
-328
54
424
-1084
-415
889
371
330
64
-236
0
-59
449
209
-16
151
22
782
78
84
9
133
-1490
-1799
-1606
-1603
-93
1326
1624
-411
1196
-172
393
807
103
-337
223
90
-302
55
1974
215
1457
-492
-1614
-101
10
234
-295
-280
197
-116
8
147
1334
-68
-583
-98
-6
113
153
1742
-88
-466
-77
-446
480
49
-1773
547
395
397
-67
-58
342
111
1395
-42
1546
-12
-208
-1562
-7
171
193
62
166
265
-1501
-1068
-21
652
-77
96
-133
-542
697
1473
633
27
1537
6
23
-30
93
18
16
-156
88
79
-442
-442
-247
26
1528
52
-13
-1641
-565
86
-37
-61
-48
-78
-9
-37
84
84
1984
-51
19
82
128
1599
50
6
-19
897
14
152
-1253
-58
880
-20
194
698
-46
63
-733
-12
-785
6
-177
60
-55
-1525
169
-1934
-1551
284
-447
-1570
228
-448
281
866
1083
-1717
16
-103
-32
-93
-5
-68
101
-264
189
707
-386
153
537
932
-22
-250
40
-69
617
74
-77
46
-136
-357
-40
527
232
163
-122
40
-98
187
302
-490
209
-359
-324
325
-149
-22
-900
207
195
140
345
351
-472
201
-301
-46
248
-33
-1130
149
-33
812
234
-725
-109
200
-50
-17
336
-164
1928
108
-1647
257
-88
159
206
258
-17
290
18
14
35
964
261
-610
175
45
854
-36
253
198
-116
446
183
-1768
145
310
198
213
178
-90
-44
30
177
164
-231
46
-965
-1058
-1655
911
234
-1352
-149
445
-6
198
58
-136
-78
312
458
38
1240
167
97
-341
159
177
184
28
752
189
148
-334
314
138
138
1029
224
138
14
305
-80
-58
-213
154
-87
19
122
114
126
104
240
191
45
-97
-36
306
959
-18
-77
51
23
766
-84
-83
53
61
-254
137
-1983
-33
-647
-544
-551
-1013
-580
261
1513
153
162
596
143
-164
-77
-26
201
15
15
-1676
-1108
281
157
112
-143
-32
539
102
211
-28
373
-535
-179
186
347
232
1143
124
-313
-1163
-1362
202
57
-246
186
19
-3
-40
892
14
27
15
-44
209
-31
-78
-21
-113
-291
242
349
465
372
183
-58
388
133
43
-827
706
54
-1
1072
46
68
-14
291
336
-1380
-742
25
178
16
131
-269
485
-54
-12
-86
-86
180
914
13
442
-153
-15
-1
-115
46
264
551
401
1463
100
-1803
70
-511
-511
1133
1558
163
120
-19
-29
-19
-79
251
119
-691
84
-1931
4
-13
-262
-443
183
204
367
-4
-44
-12
484
1782
1489
1531
-1042
81
-1199
-1063
-123
466
-93
-1063
45
45
91
119
453
-19
180
-62
-975
-62
12
249
-12
-22
-174
-486
84
-1512
-78
1752
136
0
-158
245
-365
-7
-321
88
156
-1609
1657
-1168
103
1657
103
459
-523
23
124
268
-160
-93
297
-447
-53
227
84
-404
-96
-137
-45
-73
-86
1690
-1
20
209
-1757
-48
129
-71
77
582
630
-61
55
-317
281
227
-99
32
54
-1875
63
-39
265
357
30
445
521
569
57
-508
-209
370
-65
165
467
-560
93
298
139
102
-106
-1893
360
170
359
350
-1996
421
-42
-364
-62
819
137
-128
-129
35
294
-71
580
225
-1615
-1937
1552
201
-188
958
573
49
16
286
190
556
128
154
13
-35
-277
1029
-285
1998
-94
64
158
-1721
180
-326
-1425
-1033
-344
-72
-38
-59
233
228
-1720
429
687
378
-139
-13
-164
1725
-198
151
604
-744
-82
1278
273
15
-1806
254
21
57
913
783
-1348
303
-9
2
253
495
402
-90
1623
281
-4
254
-1202
1797
-12
-248
1568
1174
-980
-48
336
527
476
161
2000
1464
-87
262
104
251
-1041
-86
-1231
1583
81
1284
-83
-315
1727
-1917
713
353
185
595
-18
-18
518
248
-26
-847
-19
23
-31
-226
-267
48
162
20
408
-204
-108
51
-1949
341
-90
216
-90
-193
67
1518
233
233
-23
678
190
13
-6
337
-131
-1167
215
-444
-842
493
241
910
12
54
-42
-125
-1198
-22
1188
628
-1537
-876
-76
-420
513
-146
43
211
405
-1231
-43
-222
43
-27
1598
286
-7
-193
-33
-98
-38
139
505
250
-1872
209
49
164
-14
-120
1361
-65
-80
106
-264
120
84
898
192
196
95
392
-447
238
133
-66
-40
-109
-227
-91
261
-669
27
651
171
1829
-1412
225
-2000
464
-104
388
244
1510
-181
124
54
798
1366
101
90
90
-87
19
289
200
-92
-512
204
478
1979
-89
1840
-28
-145
1767
-49
75
148
107
-78
-38
397
95
40
-99
-1072
-282
-693
160
1785
130
-75
-727
244
589
109
107
-11
28
86
212
-1099
-200
-438
682
252
-18
476
-173
24
553
178
28
-27
838
62
476
1211
191
50
220
55
645
-24
272
-70
1389
-1487
346
133
-117
1267
242
399
69
517
339
154
-17
-118
-36
22
-124
208
-77
-582
-18
-91
-133
22
201
182
332
254
-84
1843
454
-1259
116
209
-4
141
-1395
1591
501
128
-830
-566
-121
-186
-123
-1857
-1405
-1512
76
1139
978
-50
176
-403
-59
-102
-20
135
-427
267
-48
446
182
23
616
1382
-720
648
1466
14
1757
-943
619
-269
519
224
-31
150
1062
0
834
-21
-249
-225
421
-15
1057
195
582
-663
909
-453
-135
228
-27
85
138
164
66
-1812
-1648
105
35
411
-45
-1735
1300
-45
645
-906
-11
-82
203
-1113
-1727
1258
-371
-1588
82
-1702
-1887
353
-1185
414
-20
248
-289
418
-574
635
-1689
-58
-45
506
128
-187
-33
446
-111
-1791
271
-1722
166
-114
-60
-114
-25
-429
175
-1729
53
241
1
-40
238
1974
-176
411
128
352
-363
292
253
-117
322
-273
103
104
-119
934
229
297
437
104
454
1256
-98
-210
172
-120
128
-76
51
-116
464
-41
-107
112
365
967
-916
140
-85
21
-116
1283
101
-812
1399
-64
-402
183
-27
-1774
-1998
863
-153
1408
417
-12
-212
199
-2
-73
-41
664
14
-1203
238
-498
28
587
45
1220
-893
-22
63
76
138
-856
974
-349
-317
-94
294
2
1990
95
-582
157
1699
-1279
205
-868
-1165
-24
-1830
445
1588
-87
-1737
-133
-380
1952
928
176
-114
-85
-109
983
-170
94
-1841
111
68
-1279
398
159
-1751
31
922
12
1539
90
-123
1078
1493
1293
230
-123
-267
225
-419
1875
114
360
1915
360
265
-68
-68
-13
234
-251
516
-468
352
102
180
-308
344
-76
-376
-77
-105
-1838
172
-41
-267
250
-66
351
-340
45
11
382
284
-1206
293
-107
244
264
-24
-477
-382
203
-162
-1071
1925
1352
-1278
-59
-86
139
99
1806
99
-1519
6
1536
1158
297
-81
220
-621
123
-889
-105
-317
-102
148
-349
149
282
-33
17
-550
506
78
1959
-198
-198
539
119
-80
253
-44
-40
-40
-381
167
311
-188
-27
323
118
335
532
1692
196
280
-1262
-26
-1535
-404
1324
-391
-34
1167
105
24
-130
-284
-70
401
115
14
58
1216
112
213
314
18
443
-132
-41
-98
-105
761
-969
-96
208
143
214
-519
124
239
108
1474
1055
-553
24
904
-184
-36
1101
61
198
-82
201
-754
-20
-1302
-175
-207
-43
-808
-132
255
-43
302
512
477
-1742
-165
-87
580
227
1313
1936
478
-76
-458
223
412
50
-134
460
129
170
-108
-17
-54
-110
38
113
-471
207
530
167
28
-66
250
155
311
-58
-51
27
212
143
-409
-94
-33
-251
29
112
186
-63
26
211
51
1685
-441
61
292
549
32
35
-108
292
495
63
1075
-383
1731
-272
1676
-90
587
464
-87
-35
-1235
-206
41
-261
-149
-83
518
-615
84
84
1506
-20
22
129
342
602
-82
1609
204
1155
243
193
1555
304
-38
156
1916
224
167
-1003
-209
272
-20
1300
91
-50
327
479
20
-146
-1735
32
-73
-9
546
388
-206
198
93
261
-1216
136
-87
-68
467
261
-82
489
-44
-112
676
933
-78
-49
1906
-41
195
891
82
166
98
-113
-91
748
-411
-1827
-116
190
65
-70
-49
6
-81
589
-1849
-107
-856
-1925
760
490
160
1996
191
506
-1959
-899
-16
-1401
1235
246
1063
-27
-960
-1809
152
89
-1817
-1044
533
156
-345
746
746
862
-1859
-311
1061
-1267
-1238
1219
-18
398
-171
1851
-826
-1668
-1709
-202
1169
1623
-1375
1670
-1052
-573
-1544
262
269
-77
496
66
54
-172
109
213
1395
-865
-997
-61
51
155
149
172
157
197
187
172
169
211
121
1920
138
-223
581
-22
-257
186
1746
-1
245
584
-671
384
147
211
-1793
1380
1190
-898
284
-307
101
101
101
60
-156
612
81
598
81
-1677
-257
718
495
177
-297
85
74
-451
-59
707
-166
-276
205
520
79
-84
405
-730
-444
198
547
-96
-157
219
-1912
-769
1436
116
86
223
-462
-84
18
1550
48
355
1564
-30
410
-1764
-273
-7
-50
1665
923
292
-1761
-75
5
-920
7
221
157
-269
139
338
150
677
-1860
171
8
381
61
619
407
203
916
318
1901
366
38
-715
-41
-56
-75
-91
453
-151
-57
1601
-1618
-515
-595
437
-1940
52
1799
735
-2000
-109
-84
380
153
97
131
-416
179
823
265
-128
108
-36
-30
164
1389
154
443
299
-224
96
-213
-20
-324
-302
166
-146
175
-458
-89
-1011
-53
399
145
-38
-1664
-151
6
399
-113
257
124
11
-64
-1389
729
-1909
1598
328
1772
437
-189
304
-100
89
-1367
914
-180
-446
-29
93
1433
-471
68
255
-12
-1028
1409
118
264
488
-32
224
-56
71
35
-99
-97
-3
-1492
1431
-86
417
126
-1019
329
-99
-62
606
0
242
29
579
102
-88
12
-1955
-276
261
-658
153
1527
-13
51
755
54
-98
-31
-44
610
-927
189
199
226
91
-231
-192
103
-650
-233
548
20
301
11
-10
205
-102
273
-57
-106
-843
151
-80
250
245
-188
74
579
544
204
435
-287
242
101
211
230
493
-123
-303
-1068
-1068
-152
-397
278
-279
771
1123
-135
-83
-87
965
139
-709
420
22
338
-95
-52
-28
219
68
-51
-1947
256
148
-103
41
429
657
87
-32
-200
1359
-186
324
229
-72
15
80
1421
-39
-1840
-1134
-38
-43
427
237
-895
195
900
949
-1916
-787
60
-23
-348
-75
-199
1810
35
1846
355
-790
-47
611
126
-1116
969
-332
413
655
128
-85
-191
-1593
-17
25
86
195
52
-321
264
242
578
1100
324
213
813
-42
-212
-87
-81
74
-111
222
-111
-99
1942
615
475
345
-21
861
-488
231
-42
-45
1062
21
-1253
80
-38
65
-44
29
-952
197
223
-110
143
115
-856
133
386
1916
1611
-112
-798
-577
323
-453
-131
894
75
903
-112
-180
-18
-86
527
1739
295
-99
337
-691
-229
-27
-264
-645
276
282
26
356
1314
65
-296
-28
-566
681
-137
114
-31
884
-190
236
396
1313
-1856
-244
1577
369
-304
127
394
372
86
29
-1704
-106
26
-106
-42
-1145
1359
178
-118
-144
1163
68
-152
4
189
1199
1799
1702
123
-287
180
-118
-19
36
152
-114
164
361
1361
-1932
98
661
-59
1700
95
-334
-794
383
268
-11
209
246
-106
112
-510
443
24
309
483
-602
-49
-834
476
223
444
-95
146
-35
-1324
891
1606
-4
-1592
1283
384
91
223
-207
358
181
328
234
-76
-115
194
-34
272
258
-41
-936
-34
-181
989
433
-282
54
206
341
246
647
336
592
206
-215
301
-113
-1255
-76
-153
145
-60
142
1879
306
291
-512
-85
1373
72
-235
10
-46
587
-25
-822
-29
604
-45
-108
801
1527
274
-76
58
368
-2
867
-281
21
1807
-198
413
-110
-127
1594
2000
-77
1153
256
-53
-47
-2
365
560
-1891
1089
-24
31
-108
-70
-75
223
-39
89
619
-194
831
432
29
403
384
37
1172
-54
519
-404
-55
374
374
-178
-41
1973
86
247
368
270
29
-1541
183
-223
-614
-197
-1596
-139
-209
-32
-26
216
-123
-37
20
-341
88
602
624
461
429
17
-121
-296
230
-166
-946
-948
22
-21
-121
-545
409
-203
-722
175
476
1977
1314
-91
171
122
1720
773
-172
499
568
55
-314
-5
-45
-116
-75
-371
-644
-63
-76
-905
-24
488
1868
-426
-464
-90
184
-162
150
-19
224
-10
-50
-249
204
916
-67
45
-643
223
148
-112
1365
-623
428
-563
-1540
569
376
-180
95
103
1365
-844
336
97
-478
-127
16
67
165
-302
316
-58
301
202
-472
202
-120
1469
238
-1552
-108
-89
1172
868
337
135
172
-21
-171
-112
255
-51
-70
12
378
-64
-68
661
-113
545
-60
-5
215
94
-111
-1178
400
42
775
346
-1685
-16
-171
-67
221
-37
619
-65
221
-533
4
-225
1386
-1194
222
405
-653
-186
-44
-139
-9
-235
700
-852
-128
227
-130
1931
189
158
143
-452
363
57
1892
-414
235
595
701
18
-640
393
442
-984
460
-35
52
280
578
564
-114
-812
8
7
380
46
311
129
-231
102
821
90
-402
217
592
224
-123
428
395
14
-78
-171
90
-109
148
5
-13
-481
44
-353
1972
-122
1457
153
153
-92
1334
96
268
1741
220
-5
713
242
-195
-144
475
194
194
603
7
-389
435
-1118
167
117
187
13
-202
174
683
-35
159
-46
575
-1086
-1109
-136
-96
-91
-24
934
269
413
-491
39
-33
357
1314
-1678
384
266
7
-124
-85
1173
-66
8
-336
5
923
-684
312
474
409
54
-123
12
-98
-98
-2
-669
865
-251
-37
-25
-140
-120
387
76
52
-1967
1082
250
278
-111
238
83
-392
164
258
400
-186
296
1591
-75
92
-21
-456
-71
415
415
-436
12
22
207
1798
-44
-146
-13
220
79
314
-329
-1879
119
833
216
540
-110
479
131
1107
12
77
-1634
-78
147
-956
730
99
-525
-608
-80
-15
-144
224
-548
65
-13
-148
-81
129
24
38
105
121
167
-83
896
-24
-16
98
-1099
-1729
-36
690
342
108
-1468
1416
-201
-80
428
131
476
322
-87
1369
-29
-79
715
281
244
20
161
-47
-438
-54
1443
1815
192
-394
26
-301
1029
53
274
1933
-1270
1675
1629
1976
1829
1812
1797
1817
1796
1711
1651
1843
1866
319
215
264
256
1836
1959
1897
1846
1829
1916
1854
1842
1846
1810
1851
1825
-70
6
1979
1978
1971
1736
346
1717
372
1743
-1904
384
1771
1947
1832
1788
1986
1853
-1524
859
-23
52
1876
54
-21
-128
-139
-26
-49
665
-146
563
-56
7
-56
396
-86
275
-222
-42
-159
-163
73
1147
1368
269
27
321
408
-51
226
1972
0
22
-1186
-1013
-1533
-452
-3
-63
-920
136
-89
-111
-398
204
-59
10
122
11
-190
156
47
-142
-422
26
-374
288
96
193
465
158
79
448
217
133
-1795
105
565
922
-1246
235
-79
350
-18
-977
80
-63
57
-4
82
-305
268
-66
202
77
105
-86
238
100
582
910
91
-154
-49
90
426
88
-32
-1095
149
-63
-75
181
1493
624
271
271
45
362
-25
-1796
79
49
391
170
210
213
306
-10
656
-11
99
-1098
-120
1027
777
-79
-1177
-17
14
-86
84
58
1852
-1144
679
498
-19
444
223
33
-575
-84
-81
203
-84
317
137
213
-119
176
1311
-980
169
101
1
512
327
-158
-596
-251
428
50
59
-83
-221
365
-47
-57
515
-34
-591
-87
238
427
319
-1195
271
16
482
-33
207
-664
-85
34
18
166
7
-87
202
55
208
-362
94
-55
6
1066
31
33
-175
50
150
1269
22
126
-82
-66
49
-108
-138
16
88
1521
1660
315
-478
77
1
417
238
1412
-1086
291
98
-10
-20
757
88
1962
174
-85
24
285
389
594
234
84
280
7
346
66
-495
471
149
237
274
1301
322
740
554
1937
-36
563
1700
201
-46
-526
373
267
-64
52
81
723
207
108
821
174
-79
-77
18
-1246
1660
803
573
403
49
323
-492
-689
-37
-195
-1187
275
1323
418
444
-76
211
-1180
1403
128
81
495
657
-106
77
179
203
-46
-1152
204
578
1793
-219
-160
394
-159
968
-104
107
160
-16
-236
-191
-549
-726
530
270
1736
312
-494
-58
-13
-129
323
974
-16
238
-58
238
193
193
-39
-884
-548
-1019
2000
1151
-431
63
44
8
8
8
-90
297
-117
-104
378
235
56
484
1993
188
-1899
-155
17
-140
-1596
-242
82
942
-245
-107
154
-198
-869
-42
430
495
11
501
77
452
266
281
-65
-1
-5
-407
61
244
54
-201
480
-195
757
238
1535
1841
1652
510
-7
-1938
436
143
174
603
-23
-80
-99
489
7
-1133
486
-236
-28
119
1965
-1862
-867
718
651
617
-108
97
121
-1079
263
-1311
196
206
-1849
118
190
-409
177
422
-443
100
-11
84
105
27
-1768
95
303
190
-414
97
130
96
146
115
-1081
-1627
-106
872
199
291
212
1627
275
1493
17
779
-971
-127
-418
-380
169
260
128
-658
266
-434
-32
432
-460
-422
1977
99
177
177
-423
230
104
104
138
1415
138
1326
110
206
-447
600
-102
193
130
447
51
24
148
270
141
165
-14
128
275
-81
-199
-845
620
-741
1389
1093
-119
392
-420
17
49
219
137
199
34
-218
326
1616
997
514
177
-869
200
614
614
-26
189
-1006
-90
-556
-42
18
411
163
519
-77
45
1088
-68
1794
196
-289
-266
-266
-225
-205
880
-140
822
588
1596
-260
-1739
-377
-24
180
-68
562
209
173
-26
152
-1763
-20
-1763
757
-27
1953
272
1479
811
-78
-48
165
13
1316
194
-191
21
-11
-11
1197
-25
-10
-1458
-119
1129
-1458
429
176
-1538
-108
-11
21
21
-1898
12
-68
129
-130
677
678
-307
-8
1
51
417
89
417
417
-209
-5
-213
-192
944
61
426
401
518
518
-1051
1437
1503
180
885
75
1377
124
303
1545
-463
-1509
-1920
152
1199
1877
1563
1877
1911
-68
-68
-464
-885
-30
201
1195
1195
-5
1501
144
134
-793
359
-585
313
164
219
-433
-21
-1579
1203
-34
851
36
-171
221
145
-543
-1667
26
357
789
92
-52
-57
191
822
184
526
-168
1415
-241
-123
637
93
-129
-129
-138
15
275
748
-87
-40
-71
-1451
236
118
269
188
214
233
-81
254
-116
-156
759
374
-1195
358
-1
1574
1608
-27
391
89
242
-91
90
1619
264
-96
-197
50
-11
-160
-110
1844
1324
93
389
95
-56
1425
85
339
85
-103
351
15
775
175
-59
97
1684
66
15
158
-34
17
77
-77
137
-565
260
12
5
-544
-892
753
-30
-2
4
267
438
1585
117
-135
632
-1842
621
370
162
95
-1181
76
-973
330
-1042
-515
154
93
30
-1624
-6
-1953
1419
1419
-90
-591
249
424
1728
-889
-76
-1260
233
-53
274
261
67
18
30
-355
120
36
-347
117
41
485
-25
267
187
152
-22
-26
524
-84
-20
455
-241
72
-95
-86
86
-21
314
3
1719
1750
9
1466
-187
635
-94
-35
-645
-3
159
559
185
-58
143
0
247
1945
-1905
-170
77
-63
-49
33
170
-560
367
382
212
-37
1999
8
1931
366
368
-19
163
1164
-55
41
-159
263
-23
-50
1831
423
714
-126
-607
1142
941
1997
-1112
-1956
205
46
-98
-46
10
-1192
-1194
-1195
-655
-4
151
18
-768
334
341
-82
-27
1924
1720
35
35
-1714
-98
1085
-8
1520
1372
-197
0
1
186
218
-36
522
74
81
-931
1017
-392
-1448
-173
-71
912
142
376
160
164
1059
-1
45
-36
80
465
-29
-76
1042
341
-10
360
340
471
439
519
673
199
99
108
-1860
-65
-75
-1128
85
269
202
601
779
-330
94
144
-155
92
-681
284
-197
1602
-31
352
238
-339
11
-8
201
-154
10
-32
149
628
53
1119
-12
-9
689
1089
1490
65
-1107
135
-1138
-41
-41
925
525
525
30
-75
-84
271
94
125
-167
230
-46
562
-75
-61
747
-23
-52
84
226
51
102
445
224
100
450
199
146
-113
1864
253
282
-246
192
-53
442
204
187
426
-87
-2
-257
320
400
-100
-51
264
-1465
-88
-10
-160
101
3
-92
-1624
61
-150
-23
526
-374
186
-1553
311
-121
654
25
-227
-140
-1
21
-888
400
-113
-142
-69
-349
682
-793
869
411
-1186
277
1031
-241
233
679
-227
-33
119
261
-570
285
615
188
-167
48
-223
575
572
1715
350
793
-90
-67
52
7
261
224
453
1967
-1295
-1601
58
336
-186
-23
182
-64
-54
-670
181
300
397
-108
-77
-30
607
1008
179
-136
1307
45
-58
1927
-1458
413
183
-87
-206
392
89
18
-119
-422
529
87
193
1148
-98
-176
415
-79
-56
141
-77
188
-1873
457
113
51
669
7
-143
85
1903
-14
1351
2000
-207
-120
104
-36
-86
-409
-1597
-5
363
-91
373
318
-1822
-601
-710
-1460
34
-30
-91
820
-1045
149
-153
-1600
-47
-222
-134
-26
421
125
237
94
-332
110
425
136
-31
343
201
-1018
-166
-3
-25
215
1
27
-150
361
759
459
-83
1260
-58
-17
-186
94
-86
27
-138
108
326
277
-1169
35
1430
262
-572
-151
-425
166
202
53
1712
50
-64
379
484
-14
124
-502
10
90
-74
147
-86
-48
-121
-53
226
294
132
-374
-176
37
-396
-202
134
-1982
285
175
471
-110
1272
692
-387
1556
-1921
26
1899
20
-487
87
816
81
-167
1655
262
1225
89
-180
-189
-199
-609
-156
262
-100
-593
481
-154
-58
416
-157
-25
-64
-186
57
493
-1535
-105
-969
-155
15
-1374
137
-110
-123
527
-155
513
-1317
-36
126
345
362
-158
197
-395
-59
334
264
-21
311
212
-447
-1991
1019
952
-109
-1807
305
-58
302
-936
-386
234
872
-1978
147
-251
-349
119
758
197
224
-283
913
-697
433
-1975
830
1262
232
1349
-36
1676
143
1895
230
107
4
-320
-87
-397
299
-59
-243
189
338
-1656
-527
533
-590
1329
-568
936
-107
-1269
195
109
-488
1326
-1911
-212
-446
-23
-2000
351
132
332
49
-47
1277
192
-160
-26
-1131
-303
-26
107
184
86
-131
158
96
49
87
226
53
1431
942
271
-293
-105
121
21
201
146
250
24
179
214
17
1887
107
5
-1409
-398
165
-173
24
139
0
384
217
153
98
308
611
53
-214
-1973
1901
268
148
-502
275
124
-471
-25
14
125
126
-56
18
-141
208
-19
-34
-423
57
236
17
189
306
368
-62
-1361
165
-403
113
867
-118
-806
-377
258
343
82
196
337
-754
-1887
-145
621
-1661
765
210
1392
142
-828
390
-1
4
1456
558
-21
-6
30
517
1490
18
1021
-114
996
1093
1398
-96
153
-30
10
-42
177
17
426
129
206
947
61
632
-81
269
108
-104
-176
243
6
351
734
-129
-100
-1908
-31
-905
-99
72
347
91
478
-1054
105
1585
401
351
-46
-198
358
-104
768
663
378
524
-9
-92
627
-339
114
-171
243
41
614
-1990
275
-80
913
-22
1743
455
-41
146
-1044
-1044
442
988
242
102
119
1988
1317
-256
11
71
-20
-351
-52
-96
-59
-321
1019
-429
134
287
-111
-60
250
265
-46
269
-102
388
-1202
664
-1163
-85
352
57
82
-392
-710
-59
-737
1133
1745
-233
-108
-107
-108
-171
-181
241
983
218
23
-68
262
1094
-359
-25
-1893
110
893
385
-262
-262
51
125
-99
194
208
156
240
208
0
52
1604
-436
-94
25
687
-327
-174
737
78
-23
256
83
-250
309
348
-561
332
357
87
49
-90
54
-53
373
-21
-38
84
1855
464
353
259
58
-32
187
989
1637
-117
87
413
1268
-2
12
1695
23
-482
3
-44
-604
406
-106
780
306
-208
246
46
-353
-12
-1987
371
371
63
-86
166
312
-20
-147
-829
168
245
-1597
525
1167
465
339
186
196
300
326
286
305
344
286
317
284
1775
17
20
99
99
-1164
-25
-244
-15
-15
-329
235
110
-1358
691
-943
-561
-349
1161
161
248
-7
-111
303
140
-20
186
83
344
-579
412
-51
-460
730
145
10
158
-463
88
-109
-21
-77
-944
-2
-112
677
120
-135
231
333
158
295
138
204
173
-356
-37
91
268
-9
-125
-225
67
-90
253
-20
-25
15
-40
1303
-788
-15
-187
-253
1290
646
-511
157
44
-95
-59
1346
179
912
75
151
-39
532
-344
8
-1727
974
-115
-104
207
-837
-131
-105
415
107
-55
-82
130
-36
55
104
-19
-33
84
222
-84
-75
-9
299
-120
-23
714
4
-390
279
-1111
414
173
-28
-326
223
530
-1631
1401
49
262
-193
10
-1075
323
-172
-2000
-1148
66
146
-394
-100
245
-82
-82
-9
-416
198
114
-47
269
-1677
965
125
37
1499
158
440
-148
60
58
157
182
-51
144
-31
794
-35
-29
238
64
-440
238
60
238
-73
289
-163
179
294
294
130
1772
-21
-1630
576
321
41
235
164
23
-248
538
-61
-808
16
-342
849
-318
427
1916
10
-580
177
572
261
1425
-416
-172
-1479
1374
278
1927
-1883
-345
227
26
16
-579
1868
-52
-57
69
45
-82
9
81
322
57
-1183
172
1567
-1150
40
91
91
102
-1604
-105
50
-116
1611
46
-1818
-1083
417
-1002
-129
482
-52
-42
-857
80
452
-76
-78
13
-4
-35
-91
-164
-23
-55
-87
-776
1787
-86
-86
-460
474
1158
87
-202
223
121
155
30
-110
1
-374
-86
-81
-58
149
-1658
1600
-248
-83
-1528
-67
583
1895
481
-1603
104
457
-206
-51
137
-20
-1645
-404
1202
250
-252
607
-37
-259
-283
114
-12
-41
87
-396
826
-1609
-37
118
283
-77
-153
1298
943
768
264
-111
-1419
1216
-121
-125
-10
-65
-205
-271
14
-65
208
48
461
681
227
-44
1282
296
326
-64
178
-1254
269
-994
1535
1442
1688
187
-780
-86
49
1670
-990
326
179
-247
1555
-146
-61
-7
-88
-1958
7
384
1588
129
-399
289
247
-65
99
-11
779
-269
-89
-53
-118
277
524
45
1124
-77
664
193
192
-225
196
184
193
189
-53
-62
-1523
-815
1651
1123
183
135
359
-420
-13
799
-36
-70
185
1123
-23
184
-1431
322
191
817
22
25
145
191
254
92
62
-125
-12
-81
256
-16
741
775
1798
151
1478
907
1258
199
111
406
1696
121
-279
15
114
173
-60
-38
-35
465
-909
-499
-909
596
247
-116
227
207
659
-72
-87
292
181
-459
124
484
-87
-138
443
1579
179
105
-241
42
349
-1222
125
-582
529
-1995
52
528
52
-582
-648
-463
-1962
93
498
93
466
591
217
963
1114
-930
560
-272
1583
578
820
32
-1017
1542
-24
81
520
705
907
988
988
756
531
266
114
-5
-117
-337
-170
640
158
-596
58
1058
116
-43
-126
5
-80
57
-113
40
131
-1572
345
253
-311
-195
286
-1139
174
-549
-272
135
172
-590
-518
178
213
296
219
1954
534
-98
-9
490
311
-387
64
125
1013
93
150
713
195
-916
-1381
454
743
1642
50
28
-152
-283
244
83
469
113
135
242
-1652
104
-46
-621
67
181
59
1243
242
-459
-20
93
-24
417
23
855
-819
-111
-399
-87
-73
-101
63
-94
-817
864
-83
1389
-1230
-252
-879
-269
326
384
334
-198
-58
265
475
-985
947
50
-263
104
-129
683
245
417
188
-75
1532
-1453
-1577
-278
102
-922
387
-75
-543
-1
-916
100
1564
99
-330
76
233
-816
23
-13
1261
161
565
96
-1115
1485
1485
-1937
1993
1157
-83
-55
-88
265
-1024
-46
154
116
-1927
-718
100
-1199
399
-63
-63
799
-89
488
117
-111
-26
-30
22
-202
-69
-160
-7
1063
-31
-7
1334
329
-81
-62
1474
145
-429
-205
296
322
-40
-62
-89
-56
6
1483
-1851
-36
127
-1335
1067
-13
-108
-100
79
1172
-1656
-67
-28
-247
1258
637
2
6
683
1922
212
-104
32
156
38
-1840
-376
130
-286
220
-26
-39
-69
186
-144
81
-164
-691
114
86
-447
217
337
-753
320
408
224
-1828
15
-40
8
532
-1002
222
16
49
52
34
1076
1166
593
-28
808
1784
529
-1332
-808
-115
532
-578
-931
771
284
307
1804
658
-2
90
-1471
118
1522
52
81
1998
7
-1935
-80
-112
-895
-134
70
258
-112
-25
-127
-1264
804
553
-412
-135
249
431
370
-194
-11
140
-849
155
21
334
-866
-379
246
368
-1317
-199
109
434
-149
29
1265
1049
-115
94
-19
112
-165
-29
39
159
-367
280
-1192
-296
-67
118
8
35
567
716
1601
1866
1206
-37
-701
484
-967
489
-1218
-73
10
-1684
-636
86
128
110
967
-233
-269
-27
712
-47
379
-417
320
-113
149
-28
152
139
363
-302
-1193
-1260
422
-200
-176
0
766
359
183
-5
-30
389
-1103
281
248
1492
886
1245
-107
742
104
-112
-1162
108
113
1380
-208
-96
444
1209
-99
-184
-605
295
-7
3
1343
1045
-734
175
-327
-44
-49
84
166
-104
-413
147
-128
215
89
94
-1887
-45
84
-123
187
-35
431
-107
307
449
-26
-173
-5
224
390
-305
-972
395
252
20
39
469
474
-1368
634
1323
305
-35
860
195
283
-689
-689
9
-18
898
-66
112
-80
-558
-852
-19
1741
375
-47
1996
-1300
885
825
675
-1192
-172
-27
244
-1990
580
-262
95
-187
367
-53
-1428
457
-106
-80
-80
104
-86
1546
-128
223
741
-108
327
-1616
1174
-434
34
212
640
1010
-491
223
8
503
117
-56
-58
1993
-1836
1491
179
-486
32
-45
267
-1935
1478
18
282
-406
183
-36
381
50
-205
1285
84
94
-1732
-90
112
338
664
136
1102
-88
-104
125
61
119
61
305
-15
-91
40
162
-206
-1950
447
-91
449
1915
710
-852
-44
-73
702
7
259
1824
55
260
-1950
-35
1003
2
324
-1102
97
260
498
390
-234
-112
25
-349
315
-51
303
-16
141
253
224
340
-93
-54
-10
485
-142
-56
199
-36
40
288
9
165
-42
-6
-131
397
41
761
226
318
1424
0
-90
259
-135
-228
738
1437
273
484
-650
-83
67
526
-122
159
77
-472
-1697
479
-939
217
350
423
24
148
-1962
-637
241
-107
-179
23
-974
-436
142
-6
-350
81
604
1562
1366
-139
144
214
298
237
-483
181
-941
92
1730
-15
-54
-878
-1461
62
50
107
360
-740
196
-121
412
-195
-423
130
247
1390
804
415
152
122
127
253
-165
258
186
110
180
1064
1585
-926
184
719
624
337
-10
-51
11
-110
208
-69
153
-258
-347
-430
1838
163
1527
-2000
436
-276
340
299
46
806
6
912
912
593
185
-1387
-42
119
99
94
-108
1800
-1743
-132
250
-57
-371
-55
26
-94
180
1509
192
1633
54
420
-178
-60
1804
27
96
1072
-944
839
60
-159
-1856
1299
130
-1195
1460
84
46
85
81
218
1617
333
-156
1122
101
269
-110
658
-543
94
118
358
1675
515
-104
-1953
-1739
-1500
-829
-829
132
-277
-63
-18
-5
249
-98
156
1588
179
-549
132
69
-215
83
174
-116
-162
-100
269
-83
238
241
-90
64
-1217
606
744
-1608
139
27
21
167
185
116
455
-807
126
-1970
53
-221
292
-474
-1663
-806
255
255
1100
-397
-53
-188
-104
182
-45
-77
-80
260
290
50
86
1434
96
-322
-274
80
-160
1909
218
81
153
2
-349
-16
-86
269
-156
1220
-476
859
1166
262
-226
678
1555
-152
1244
38
888
447
-603
133
-61
19
279
-16
-137
368
89
-77
-455
708
703
51
13
-1544
119
162
373
991
-32
-1827
-101
175
314
-66
-376
160
131
747
781
314
-996
152
202
162
295
-148
199
-227
-27
-103
244
-54
-242
153
381
-75
312
-50
-97
151
1975
-166
106
1354
-542
190
122
155
142
1491
217
217
44
486
461
1929
-708
197
178
81
19
-1254
-1683
1375
50
1
775
1287
-101
-28
-63
1909
-1888
57
-235
-150
52
438
-58
-105
51
102
-445
-701
1068
-19
105
405
33
-20
534
-88
186
-201
90
-5
-338
-216
660
227
-486
-40
69
-77
51
-208
-5
52
85
125
125
-581
546
1311
515
1578
-75
1
304
58
7
302
-21
-634
-12
222
-144
57
1308
1052
-41
-111
1912
-852
293
-587
135
-195
41
-220
-13
59
130
-668
385
-1520
279
7
-312
912
277
82
-60
-109
-212
53
188
215
-34
-42
51
29
29
-530
-127
-1811
236
673
193
-127
75
1905
-108
-60
516
1781
156
-1199
575
90
847
-36
607
-22
394
319
307
203
-28
199
-238
-29
657
-153
-7
182
484
-47
888
-9
-153
603
-1050
-1183
31
420
1262
-881
32
-541
1023
670
605
254
-132
-145
429
-3
-50
-187
1726
1
508
207
233
-606
422
679
-26
575
500
70
-227
-25
-10
-63
101
-488
248
1870
-1392
-57
-31
292
592
1386
242
-206
364
-32
-1949
20
273
-59
-104
-251
635
-79
-539
491
-114
635
247
218
35
1898
-1882
1179
1697
-92
-129
1225
-461
-82
107
-91
1908
166
-692
1097
-50
-560
-44
-1503
-293
-812
-967
416
-3
-19
-328
1239
-56
754
452
81
-46
-1753
1082
112
-257
143
58
103
-161
52
681
181
196
339
-41
-75
417
823
1861
302
45
82
626
-1142
-42
384
96
156
242
174
448
-113
-92
42
-463
62
104
20
1240
-18
-319
704
1164
-100
215
-11
-116
467
-29
202
-43
227
171
-568
-1792
-26
-411
167
1987
203
-83
-83
-2
181
385
-635
-31
343
1916
635
-156
386
-45
-1203
200
202
175
1496
255
-83
117
-39
1132
-768
606
1189
495
-260
116
-362
33
-36
67
13
-251
329
-270
31
-82
283
-58
662
357
-839
173
381
123
638
115
80
247
1008
-186
205
-325
-465
158
-180
8
0
-22
-167
-18
-84
-208
-85
-93
6
-20
-46
13
-43
-163
-389
-13
61
-157
93
994
292
1249
-26
1272
904
693
128
224
152
-1893
57
103
-474
526
137
945
72
85
449
96
222
47
39
-264
-65
133
-1976
167
617
-63
107
-612
79
134
15
-148
118
8
-63
-9
292
383
93
157
-289
39
-2
715
115
34
-1747
-67
576
-45
-18
410
-56
16
16
-10
-229
-105
18
-105
353
-35
-67
309
19
109
-275
-191
-41
70
115
-859
80
359
-30
502
-265
20
279
-72
-625
520
-181
-32
530
268
1313
234
-284
470
-635
-3
210
85
96
-56
-12
166
-45
-908
1638
-7
21
-844
1457
-569
146
101
-43
229
-571
-466
67
-20
-109
-18
201
-51
-107
198
508
242
-1
-79
-42
64
252
-237
-15
333
-32
-1033
-65
94
35
297
-528
-27
1674
818
-1011
-3
-36
521
703
-17
413
1529
-164
-435
170
-18
81
248
-494
-37
293
71
-352
168
-94
6
854
-250
99
5
226
-232
-573
75
282
-1229
114
552
1349
27
152
-117
29
366
316
221
3
-77
52
2
1372
236
339
-125
-30
349
-336
-712
659
-79
14
-355
-1018
46
-428
457
-1219
83
1145
83
-76
-61
100
-223
77
-169
-108
-160
143
-216
-74
270
-205
-1944
-145
-9
76
-62
146
949
-497
153
45
59
-515
-310
-95
-497
1121
471
7
1084
-89
-155
1532
204
-1104
2000
197
-953
138
1574
-117
-177
-1973
357
941
494
27
-179
53
-116
-1794
-1094
302
-473
301
95
-39
-39
-122
-114
145
1931
257
219
111
-185
-27
-816
332
-13
1444
-40
228
23
217
-41
1638
946
726
1638
584
1288
-134
-134
-96
-8
-325
260
-58
18
12
-601
-498
-1216
638
-1620
0
1725
11
415
1016
-1744
337
-14
99
158
-610
287
604
-668
256
1136
1871
-330
179
532
157
-213
1189
-1492
-1231
1284
347
1454
1333
2
218
1094
147
318
-246
5
-368
174
-835
-1329
1223
30
-34
286
-307
121
-109
-283
702
150
-227
-432
1171
-542
-312
-590
-2000
-514
-571
95
86
1733
1
1
-70
-110
61
-133
58
1675
581
960
50
50
-35
644
593
1889
299
141
-490
1
-353
775
128
176
388
279
227
-77
245
110
288
41
-204
1933
247
-111
147
291
-1930
-1384
995
640
-49
31
-383
193
220
-392
261
-37
-209
-159
-243
-291
-160
1417
-576
-11
1678
-51
-634
135
272
-274
-56
146
-148
161
-1256
581
443
113
709
391
256
392
779
124
1
435
-962
-73
441
-1784
-1155
-87
-121
177
347
-156
121
-8
124
313
-107
1876
36
411
258
1828
-177
177
370
-87
-34
-159
-86
189
-110
-535
-381
568
-43
-139
-67
-82
709
132
1747
1817
636
-984
1047
-29
-670
220
6
-40
-636
-56
49
113
-4
-30
10
670
-47
24
-26
-26
-20
300
-872
145
346
-215
-818
80
239
-616
-89
-200
495
-228
435
468
915
270
-64
529
227
-894
988
240
1452
1852
-1803
-37
-245
-43
-75
479
138
36
-88
-80
1197
-108
-225
366
-148
88
-619
142
-1308
349
254
783
173
381
94
-135
55
137
53
258
-157
412
-49
-571
325
-574
775
1003
221
14
133
17
206
167
1337
1917
284
315
-164
-365
21
52
-215
61
84
134
-1207
1646
20
149
142
78
78
1456
58
-82
592
71
-55
-967
-1188
104
55
-28
367
440
146
568
-283
-51
-29
-286
930
-322
362
1319
1672
17
5
-1517
170
-41
55
-114
-420
272
-81
530
58
444
-647
-30
-37
326
332
104
499
54
-91
1642
1313
871
-1553
-22
-18
239
214
-119
-1431
234
260
287
1256
137
-690
-115
259
145
72
508
60
1732
-493
-859
-847
-32
-153
94
93
-61
748
325
-27
-74
80
-1617
-64
379
-486
-120
461
484
1571
187
684
885
-139
-1592
904
-79
-1052
-1209
1013
-1187
-65
-87
-113
1630
-138
-23
-7
204
-137
-1099
152
11
18
-47
1347
221
-1251
286
-138
1496
1744
321
195
116
-359
-97
166
-699
-1747
13
-34
91
-268
87
151
585
-1773
77
102
-829
304
1016
88
312
-89
-563
372
421
1180
222
-106
-716
-43
69
-78
-79
-1965
1262
-1014
1740
-74
-784
-120
-39
1920
208
-194
19
321
1323
480
84
-714
104
263
236
1832
296
-587
592
-34
66
120
-749
1285
30
300
1527
-13
340
-1074
508
-85
-1935
-401
-827
199
83
-110
511
-105
-121
-1765
-130
-130
-492
194
85
790
-54
225
1068
185
6
40
89
37
37
207
791
-58
471
-7
459
-191
95
235
-1242
244
706
595
534
578
530
-1731
-43
-14
683
587
1865
503
-1766
-61
208
373
46
-81
-61
577
1124
539
-187
1277
-1492
-14
-129
182
164
365
1482
-1984
274
80
-259
215
-49
467
-1339
396
-740
514
231
-478
224
-1641
595
595
993
-84
499
8
848
-368
-116
49
25
-173
104
-131
1966
562
-1016
-8
-25
-673
471
-368
170
493
242
-1496
28
-1640
-54
92
-87
-231
247
76
-91
787
-190
754
1653
-89
-104
679
1114
452
258
328
343
330
-404
166
-1734
-39
299
229
190
34
299
-30
326
21
181
-425
-546
-180
224
450
-1309
-1767
391
-1421
586
303
-7
-501
302
126
1005
692
483
311
237
188
-26
462
-86
-226
1533
-50
-21
217
60
520
-50
58
142
-114
-87
-18
440
-733
1668
-1201
-48
155
-113
24
-86
-40
1799
-89
-110
280
212
495
445
-50
150
-735
47
1090
-159
-114
-268
-2
-140
-61
-1108
-627
182
-16
-1633
-332
1022
421
51
-239
632
-1242
225
841
-142
-254
1049
1144
-1324
992
-19
260
895
-82
-17
294
292
1071
293
-373
290
466
101
-23
65
31
-886
-4
1421
477
-1131
166
-12
188
184
1018
896
-112
-844
-471
-1936
-79
-218
1869
280
234
-169
56
46
177
-239
-103
-196
89
942
-1875
-74
-109
50
-67
-205
-205
-144
-87
-1893
233
-74
954
2
164
539
-195
-280
1198
-143
52
-131
104
-6
593
-144
-15
935
1548
-75
1690
-784
-1792
1253
-113
-87
18
-367
-329
-632
-1
-10
-777
598
-43
186
-333
-14
-288
58
-87
171
-393
-4
-77
-700
249
-28
4
-66
-393
352
113
331
-124
-124
-258
355
120
314
-792
-81
401
62
1366
156
-535
-590
-501
95
-15
-15
589
-929
343
66
867
187
514
801
-478
467
523
929
233
513
-86
-39
266
1983
186
