3987
1455
-1527
149
-1903
2705
68
645
-581
-3588
2256
-514
859
1256
91
-2021
-3309
-242
527
-17
-101
249
-453
34
-702
-172
29
211
878
-353
3384
139
2
1058
-241
-278
1803
167
390
-3186
393
3920
-76
-159
-233
8
-2532
3
108
129
90
-714
-53
-705
112
3511
95
-143
1073
-98
-3124
27
80
-153
1386
206
1241
240
-551
262
-224
-1432
-2939
728
3523
-2137
-474
375
-90
24
-151
932
185
-762
318
133
-26
2479
50
958
-52
-2414
0
3160
132
332
334
-600
54
1538
97
3954
3458
669
-431
258
454
146
3303
-26
-1651
117
187
-44
-38
-33
10
177
-972
-181
225
1407
200
-137
220
2304
-2626
-425
243
24
-1035
-1813
118
187
-33
-372
-862
-601
3362
353
-2149
-42
-80
130
34
199
370
2473
-24
-165
160
-125
553
-147
299
378
-316
-17
249
199
-2628
3007
-203
-2247
699
-3395
461
140
-2
3894
213
103
-3345
-69
-214
-1972
-447
-2
265
5
-145
-22
-2557
3
-254
545
-470
114
-14
126
51
265
128
911
102
645
1602
-583
-1184
3579
-3887
-2645
333
-119
-175
525
294
-1685
163
202
2038
-5
-176
1943
-2533
-1640
-87
-2547
145
-58
-1262
148
3155
1819
-7
129
482
1954
-40
14
-3033
-33
137
2320
355
36
-21
336
-3265
-83
270
46
31
113
6
18
-178
1682
-3189
-104
-22
3507
-17
155
1885
-284
3887
117
699
383
16
-54
-6
-225
-121
-103
-245
-414
253
253
54
6
-91
439
185
1260
-3
122
2938
969
-41
990
746
-922
88
1092
-15
110
-193
377
-362
-1055
112
-63
337
280
767
285
-110
649
-85
-36
212
9
4000
3904
294
-76
-34
224
2350
-1415
33
-141
-72
-172
50
676
127
382
-559
-306
35
-30
312
1073
790
-2676
-176
-6
-111
518
-4
453
926
253
274
3582
-27
-122
50
2573
158
-2218
-219
-44
-223
-95
1158
-3148
603
266
-546
273
315
12
256
-1176
481
-43
-84
15
-2591
525
-68
293
70
109
-255
51
1556
1231
-299
2978
-432
-163
-81
-1742
-24
58
-76
1425
4
3175
564
-157
-187
588
1
210
-289
178
2112
348
199
154
127
2
686
213
112
403
-138
-90
407
-3485
47
59
27
-116
-81
827
3902
18
-30
-1619
-55
306
-3335
17
-177
2506
-3206
3705
-3329
110
359
308
279
329
-53
-91
-20
149
-112
100
514
-31
51
6
1300
-487
1108
-53
132
181
27
-253
238
-533
282
-129
-26
-10
-3
124
-150
-2690
217
-1895
232
298
-55
359
-130
554
-5
-3423
339
-415
1144
-2899
-14
421
125
152
-104
-34
-34
166
-516
-150
-33
-34
27
-225
47
-88
-9
419
168
7
804
231
238
-2735
-20
14
191
448
133
11
378
1756
378
-12
69
-199
187
-67
-67
-28
1043
242
215
-633
896
-23
1570
-30
270
99
38
-126
-100
261
86
32
-150
-222
-158
153
952
6
96
-204
124
-249
-95
252
1540
-156
-37
187
-2846
-95
233
-1354
-646
3570
558
172
215
-162
3270
1260
351
159
-258
89
606
417
4
-132
138
1770
223
3
-76
3
-1424
477
243
-131
-19
-168
-49
249
13
174
-34
-115
-90
-81
-23
-2499
32
-1321
235
119
50
-27
80
96
478
201
536
326
-112
3913
40
15
-79
-60
-9
1398
1033
65
-565
43
9
-43
553
-98
369
-606
4
268
27
387
-75
-342
279
2144
-67
3988
-106
-238
-111
-219
89
108
679
52
410
2668
-91
-185
119
-43
1089
-31
109
18
100
89
-19
909
-1108
244
400
-2816
96
-2221
1048
-164
46
317
-1248
666
363
537
-171
415
2362
-2609
146
-262
416
754
-648
-1022
8
-49
-106
-107
-38
29
-323
1244
-1594
10
109
9
-356
-19
-55
-60
80
-3431
740
171
109
-3278
215
124
-63
27
-81
171
402
-62
-1189
-100
3748
98
-58
-147
682
1995
365
803
-2811
62
488
8
318
-27
8
105
-1294
387
189
32
-2460
131
-290
-458
278
98
-60
155
-27
94
16
94
-1882
-3443
161
-16
-43
80
371
-53
-2549
117
20
-16
-634
-21
3787
-76
-150
-302
-302
137
78
-145
32
69
32
-89
-43
587
-649
25
141
-1737
167
472
785
-9
210
-2804
-2406
157
157
111
-79
1608
-316
-35
-18
-6
-214
2264
12
352
156
97
947
20
-1663
30
815
-15
-52
-123
-2513
373
636
-1873
360
148
-46
1465
1343
-435
3
-67
-67
-3322
-938
2984
12
-449
314
494
207
2580
11
35
120
-54
-1018
1569
2306
-111
-850
-79
-86
248
-338
-107
119
9
-461
-42
-27
-27
-27
2174
124
460
-565
1994
-75
-126
-111
273
3090
-84
1160
-16
-149
-898
176
159
252
-415
-3988
349
122
-2604
1687
-11
12
98
-900
6
1515
308
643
-68
-52
2645
115
-10
-381
124
841
-117
-60
98
-3845
-12
-357
273
-526
-1799
3842
242
-478
-143
-1783
53
670
170
247
247
-1069
-2278
-2278
-2252
341
-819
297
47
-142
-142
121
-20
-89
359
213
532
309
206
-47
-17
-1202
-3187
4
-65
-8
-453
352
-56
27
-49
-242
-70
231
-99
99
-932
183
-154
2409
-3158
-103
4
-76
-52
-171
22
474
474
-107
-3520
-104
-111
-145
20
135
19
-27
797
-127
41
544
255
-489
-3360
-137
470
229
1594
-17
-1245
-45
-82
2889
-465
-102
-102
-119
-402
230
-3150
-74
1269
79
58
810
166
-78
353
-1014
371
248
182
248
-126
925
2047
162
-1140
-283
-37
88
-238
81
199
214
207
-25
-79
2
3920
57
-289
-46
150
187
-98
-97
-117
1955
212
243
185
-15
471
163
394
-966
-1212
204
1362
140
10
-356
2548
7
-28
-130
-3902
1897
6
-80
8
185
-424
-237
-2106
350
249
574
-286
67
-33
-140
-616
-92
784
-90
-2
-2
-3647
-191
-3114
411
448
277
2566
1771
-514
-35
116
2131
221
-2216
-374
30
-185
160
-951
-50
405
154
-4
-3459
-52
477
1719
-98
-2989
2602
532
-81
-1858
-2920
108
173
-142
876
54
330
-2605
-520
-10
1221
-656
-80
626
180
-314
-91
738
-130
-395
-2698
-1327
117
556
3708
3847
286
15
-322
-74
1232
58
1795
520
520
3418
2249
-109
-3258
3116
234
100
15
2187
-300
-27
46
-310
98
-195
1805
-28
785
-170
740
278
-137
68
1693
1227
-59
609
372
412
338
-1222
-27
-401
303
575
2321
2321
780
304
880
164
2
-17
2650
-87
-777
453
900
141
-925
-3926
-53
28
-47
514
-587
3423
257
-115
-115
325
3336
222
-2460
-19
-2069
-1228
85
-1587
-741
412
-901
-45
-3117
-118
5
-779
443
192
2247
2247
715
-758
40
274
153
-924
547
309
321
2844
220
292
-201
-5
52
84
-3674
12
4
2614
8
85
-1
1064
1655
105
22
-34
3273
3436
2490
3850
-1633
1895
3579
976
1031
771
760
694
430
980
737
1521
2981
1493
1304
1305
1450
1335
-202
3294
2643
1846
1791
1260
1325
1510
1286
856
859
853
861
869
2029
1510
2303
1414
208
3031
463
-3159
1020
420
-33
-1017
-3187
-1631
-2113
-3942
-115
3346
14
266
22
295
820
-60
616
432
1228
-1055
13
108
-596
139
18
-1422
-28
-89
-3343
-129
-219
-332
3827
147
67
267
-79
81
191
346
-713
508
188
-3002
-241
602
-4
2960
-3148
-3231
1376
3667
-3739
-50
274
274
274
-145
-109
-35
-582
79
4
-1855
-1123
-221
-3215
408
84
95
-3923
-45
1168
994
-701
176
-2381
-3363
-291
-114
1071
-51
73
361
1077
156
80
-1114
-65
697
218
78
3633
3633
49
3803
2063
69
-180
-3430
-165
-86
-56
321
-223
168
-12
15
-5
-728
-76
642
-140
103
-1206
-128
149
149
2491
468
2836
23
-1822
-32
-79
56
1093
-286
166
2352
273
-467
-1743
-2278
3943
-45
-67
124
2519
2733
1965
2012
-3835
2952
3265
3330
2796
185
-3902
2199
-300
-3706
-53
1869
-3357
-32
788
254
2909
788
1829
-63
805
-2816
93
-80
-261
2481
2041
3399
3020
4
94
-7
-7
-228
88
3839
216
-2863
3620
72
-2660
3741
-3291
-1061
3086
-137
-104
417
-46
1206
417
153
-21
164
-6
-63
2
-2494
65
367
-3352
-27
36
-54
544
-2977
2849
225
3914
11
-2441
-3660
-160
-785
-785
3988
845
375
-1350
25
-129
278
-3367
-2303
119
28
2475
-174
-3655
2553
-168
71
687
-1024
-100
45
-83
20
229
-2515
200
-1022
495
207
231
191
106
-88
1413
893
566
757
119
361
48
-3424
105
-807
-84
-25
-71
-2988
2725
-8
326
1574
318
-67
-332
5
218
109
-3496
3220
-761
-46
-88
188
-4
-60
-11
-2596
2139
-3642
543
-1613
2951
1035
252
38
-340
-2965
31
-89
-12
-2207
21
228
-2462
-3125
-91
3607
-3714
14
260
-1749
1479
280
911
243
-149
-44
67
-20
77
-72
310
-43
-2324
31
484
-2161
-268
-52
-363
-494
-96
-96
-845
-24
-2902
187
114
3984
-81
421
248
-385
-29
-45
-27
-3960
283
240
-81
-273
185
445
-340
141
120
-1852
841
-85
1648
-81
1219
2395
-16
-117
-91
-65
213
229
-201
-188
78
891
89
3391
-173
35
-278
310
29
-120
263
492
328
-72
-546
226
518
66
-650
61
-656
-974
1748
156
-1234
-1121
-3458
2476
3595
-2082
-380
-28
-269
-77
-230
-2430
-410
-1475
2940
3380
-663
-3922
243
-116
-104
259
311
674
-942
154
-3749
1883
2114
1553
180
24
376
701
482
-3807
136
-2467
183
1324
153
-3701
27
1507
-64
92
813
256
63
-43
281
-19
-167
-5
2699
-48
-3925
359
-118
211
-39
251
-1231
-113
-106
420
52
20
-80
247
-88
484
2890
231
-562
1298
277
22
-127
-2331
-3863
-2421
2507
2771
1767
284
-199
-101
403
6
3624
-113
-140
-3373
-79
24
193
338
-13
63
54
190
1105
398
25
-93
111
-74
127
439
223
-240
245
-229
342
107
10
-1102
3048
-427
305
3643
103
-8
147
646
-2640
3312
-3227
-1446
1666
1088
867
-49
87
-2374
759
2216
152
116
221
-113
-106
93
165
917
-295
2144
-112
-11
-240
-44
3999
-74
498
-78
83
-89
-101
-114
-7
1769
398
-828
78
535
-93
-156
539
292
-7
84
412
1285
-35
-136
-2
-1506
83
-253
907
246
67
-293
-149
-169
198
-2491
218
26
-147
145
-432
-569
-124
-36
675
-95
758
-84
-103
104
163
303
109
143
-1158
601
233
5
-111
-31
-60
3572
-72
-28
-97
188
51
-100
-94
2158
90
282
-44
270
139
89
149
1993
-47
-2758
8
-353
-151
112
-758
1307
-195
-195
1411
-80
192
-478
214
-139
-83
-2439
-9
1730
-11
79
-85
-2593
-148
-5
-3170
407
-131
-26
-508
473
-166
100
745
118
121
1291
-807
2832
76
903
175
269
118
148
-379
344
370
-3756
-88
-1377
310
2132
474
165
272
286
-478
-115
342
393
286
-43
1289
133
-33
350
-598
94
860
-76
7
496
-938
-75
1331
-71
-71
54
150
222
87
-63
925
968
-47
131
180
356
492
82
-204
335
-86
832
-1235
189
313
5
31
321
373
-143
149
1475
-56
-137
-76
274
77
257
58
-2201
353
52
87
436
122
292
-1928
-3797
3044
-2681
-215
560
-86
851
-1123
-267
-2037
3769
-91
-2094
757
43
-444
965
-384
231
-153
-5
-266
70
-110
3956
475
290
298
291
-525
818
-1454
83
-230
1428
278
-3116
54
-446
114
-67
2
11
-343
-316
-2481
260
-2751
266
354
-488
3675
-79
80
-1594
3739
-89
90
-3461
-397
100
-1755
1945
10
-1223
2575
183
2183
-12
418
55
-16
179
328
-630
242
284
79
-42
566
-2545
18
113
-91
-2940
-423
238
12
-217
391
-176
-88
-80
-72
271
-137
-342
44
202
133
219
-3086
619
185
95
55
-75
-1716
86
51
-696
416
-111
-2
149
-155
-1001
-64
-198
153
-15
145
361
-444
168
1083
248
-1443
-433
14
264
-103
159
361
-287
-9
-3662
-935
276
-84
130
-53
-571
117
-2652
1370
649
1196
361
-93
-93
806
-135
24
-67
106
721
664
696
-146
3934
177
-260
-865
395
218
183
-41
408
93
570
260
-890
-90
-60
297
214
3088
167
317
704
-88
-130
3254
3628
9
206
157
-476
3294
1500
1048
671
575
269
-19
-49
-7
-7
1393
-104
-2057
1735
224
-13
2412
254
2411
1429
-264
-1086
-73
559
-612
-343
200
198
498
-120
-3098
180
-1091
-213
440
21
1258
-53
102
177
182
188
78
14
804
-167
-122
3662
-335
190
-36
208
340
165
306
6
79
3678
933
-17
-17
-197
126
-10
-10
-2122
-468
1827
81
42
-229
-913
-60
-77
84
1315
-66
2149
80
-170
395
131
91
91
91
-4000
117
-26
21
3926
-393
-3007
-180
306
-2750
-92
-189
-3164
831
33
19
-2447
-3649
865
-2927
3320
-190
-135
-1137
82
-221
53
-169
-154
-219
188
3564
10
276
9
157
249
1609
-132
-79
217
-2528
-15
-2052
478
2129
2098
-3827
280
-102
-1887
523
952
-121
-52
-88
-26
441
219
313
-404
-1457
286
217
142
17
3341
16
439
95
134
-2867
-114
164
1568
604
784
82
425
-137
288
-44
-18
151
290
-59
1908
408
-56
-298
259
16
49
6
-154
3695
-25
258
474
666
259
4
-215
3278
90
18
-96
131
2077
961
-177
-162
1759
113
275
161
240
-60
-2303
115
3935
-1242
3230
-69
287
383
3761
205
-114
-114
-142
2049
320
167
289
-808
-96
-1213
68
-2408
-62
-302
86
262
37
-1227
-242
153
-734
9
255
165
-1073
505
24
2301
119
102
-478
81
832
795
2612
-18
96
98
-3403
-256
229
-79
-51
-1457
23
147
3409
139
3454
3994
-3611
-80
-1417
197
289
-142
-1529
-2026
-50
-2910
1907
2817
95
-161
-203
15
-191
-48
-186
-141
424
-31
1514
-2266
216
-2898
62
410
794
359
-775
50
-1271
2080
2466
-2549
152
-229
-130
-113
-73
33
659
-198
-21
-37
-268
263
762
205
-200
110
332
-1384
-130
-83
1956
20
-957
90
759
557
50
430
75
-671
-42
-93
-135
563
636
159
-321
1888
-2309
507
1456
-43
81
193
-259
-3578
-395
-395
-160
-2292
41
-1480
26
-141
78
-129
-1260
134
269
269
405
367
220
114
-249
-238
52
-1216
692
-2458
-2458
176
-771
-54
188
-218
108
-40
180
348
-283
-27
-163
3882
-2464
-32
3020
602
-492
2568
99
45
45
-125
-40
-116
366
5
66
-953
5
2477
-619
23
-970
23
23
39
93
-273
135
-21
-182
-1247
2749
1141
1499
-801
637
2549
1471
114
164
173
-340
51
-137
3364
530
3918
25
-101
292
48
-15
14
69
-3908
3885
95
-1126
82
712
-48
-1279
18
-462
-129
-116
-220
2134
116
116
132
301
-20
663
-1951
628
499
-23
211
12
-203
-113
616
1887
439
-468
-52
513
694
-250
406
-2574
-216
70
138
-252
133
-189
10
313
680
-67
-639
2405
82
408
177
415
-68
660
-784
357
1793
-40
1416
-2866
-604
302
-2067
1082
-927
-1539
115
-2099
-516
232
-328
-1529
1139
284
32
506
-82
57
-107
196
8
250
-659
-3294
1723
3879
-50
-43
279
-151
653
3929
-69
-125
44
-155
-92
99
203
957
378
624
256
271
-363
503
-56
-3367
-140
-664
544
945
-109
-220
139
16
-1
53
3
-28
395
-135
185
481
248
-3903
275
3441
-3110
589
783
-437
-437
1478
174
306
-316
104
269
640
338
-41
386
-14
-917
-490
691
201
-122
191
281
12
12
163
3465
1590
-1751
3948
-479
-8
251
-516
135
-248
511
1451
-82
247
-21
-602
262
1785
-585
187
-3378
-202
-169
467
-179
-139
2290
1782
17
-264
-390
-4
206
-258
-12
-81
3627
878
-30
230
-2884
83
-235
137
1772
543
-3143
-140
0
-135
-2352
123
154
-44
-93
50
355
1152
800
-65
-93
-312
-144
-112
-144
-98
452
-3813
3507
-1407
-3581
754
-4
-94
-541
2172
-54
-73
55
2986
2245
-2831
-170
497
184
184
-83
-2206
242
-445
217
2297
244
-293
34
191
-1695
2338
-2115
124
19
-791
-6
-77
-74
-10
54
35
1879
13
128
353
2457
-19
-420
6
-118
-81
-2961
-36
3731
-1929
794
1447
51
3991
-2068
-57
-2435
674
277
-463
153
464
-73
216
-125
-73
2913
-1642
1730
3665
65
2538
-131
-77
3574
2924
3967
2924
3257
79
838
2570
-2796
153
16
285
3326
524
-181
-176
1678
-107
341
235
-85
1972
84
-264
210
-3888
-515
-206
-2933
3319
17
-380
30
-36
266
274
-28
-1496
111
1136
3561
1445
-2325
-2325
1970
1798
-230
-76
-76
-2632
2015
-2351
6
46
1134
-37
308
1051
-144
-92
3435
14
20
-184
-199
-199
-94
-65
45
-3569
224
-251
-62
-116
-32
624
166
23
-269
-338
3122
131
179
-26
226
3318
150
-318
190
-34
-3322
-192
-100
3686
429
-108
12
151
-117
275
-854
466
479
-198
25
-109
485
-2135
156
-33
-2020
-197
-14
569
-139
-3
1312
-42
-4
53
535
293
647
134
230
1775
184
513
224
249
249
-148
-471
334
-1506
-20
2581
20
-36
50
-103
14
1565
167
-8
15
-2859
762
106
15
52
-11
-3969
138
-940
-300
-200
-279
-235
-117
-67
-75
228
-140
-51
271
874
-247
-3746
2207
78
2824
294
44
368
175
-104
-1295
-42
-196
3572
-114
161
452
271
-17
32
-82
-3625
-836
-2819
197
3737
-33
409
109
62
-145
-2014
-96
-2597
-39
941
-83
-39
-274
109
740
27
524
265
655
-129
-461
103
253
114
-1014
-1056
380
-98
301
494
396
-1303
451
86
813
1144
-253
249
3176
-12
-275
221
319
-257
2871
393
56
169
-76
873
-63
-2616
3510
202
3972
-986
286
248
230
113
117
-3573
-158
244
865
2875
-85
116
261
2625
-284
47
525
686
-818
89
-18
-1011
1934
473
1509
-1988
326
1782
104
99
124
281
52
-10
-342
-470
583
292
-127
-18
-200
-74
-159
-17
3506
-124
-37
-2505
87
-72
-51
-269
-139
-14
-14
-200
3652
388
-80
98
155
-522
-23
-371
107
205
662
501
52
58
-2544
820
2838
449
114
219
147
455
-144
-28
-80
17
2809
-223
-20
124
3991
3991
0
87
-1226
-2453
-3562
242
242
1391
3791
-24
123
46
315
-599
83
362
1858
-2118
866
280
119
82
83
2970
-2579
1600
1770
-1879
-1272
2579
2002
3181
-2526
-2526
-2132
-3999
-1001
31
3993
-1678
1808
-46
3007
310
150
584
94
672
110
305
-8
1758
833
259
242
-386
31
-130
-82
480
-584
-657
3675
-141
126
-3979
120
-57
-441
128
455
53
-298
6
196
1697
-106
-69
87
-115
92
3706
3345
-111
67
-3366
-28
-2230
-1584
-553
1245
-553
-619
261
670
-37
55
-581
55
4
4
-107
98
90
1656
218
-21
218
-1382
-1263
-333
-80
8
-10
-415
190
493
240
-292
-2479
492
468
-208
780
417
540
-207
176
1146
484
-115
615
-105
118
192
147
-2619
-57
133
133
313
256
3024
-2939
-774
1981
-326
178
1882
33
-154
3999
218
108
32
3
-716
-525
351
-705
94
-604
-22
2437
-11
-160
-92
347
-1784
621
756
-728
712
863
-585
-19
428
-63
78
-1461
-3
186
2134
411
2431
193
193
7
-83
517
80
-263
1123
126
781
358
-71
-63
213
51
87
-438
229
-176
-86
-94
433
21
-3916
-76
-3415
2155
-21
284
-98
3417
-76
3391
-2015
414
-35
310
190
13
516
307
-306
-2561
-4
18
-2206
2
178
-469
87
247
-564
454
-86
-1464
-3204
-6
3902
585
-6
-8
-174
-914
192
-2720
-74
-3688
-19
384
-2647
-53
-119
131
-1017
-2230
98
-199
1423
-37
136
293
800
-103
-37
232
232
232
-30
-95
-13
-33
235
44
193
91
29
789
-1184
3
-359
9
-147
-182
-168
989
-119
-1987
110
81
88
1537
-156
-7
-82
930
3220
-2499
752
-113
2893
-313
111
114
3965
-670
3778
3643
167
5
-1571
158
-115
-14
370
707
-20
-129
-3481
434
813
54
100
160
-56
-20
2075
238
3941
-125
537
742
2073
-783
2218
-3893
1784
-81
-749
273
-106
154
417
54
18
121
-2451
-129
-179
148
-572
-26
2458
88
-405
-24
-29
331
3944
-2800
-83
-19
260
-33
-33
141
-20
-206
228
186
-48
-66
-22
2
-20
189
84
-248
3532
-3
2795
-298
8
112
-30
-38
204
184
114
386
81
-262
-107
-3105
1883
1007
-95
162
-22
246
91
319
499
-38
113
212
276
-2567
749
219
-411
685
549
116
-18
2080
-22
-3137
-82
1754
-55
-17
-1136
290
-65
222
-645
-40
102
-12
206
-12
-21
-237
-77
-18
280
701
533
4
-1311
-367
278
87
617
295
-70
-37
417
3254
-87
-3456
-122
-283
294
256
528
507
-38
8
-320
-1
-34
-2341
252
52
-38
295
222
3205
1679
22
-110
104
-295
-139
263
-457
479
386
-83
179
64
-346
176
592
592
-87
170
-348
993
562
-11
301
421
208
-966
15
-66
1377
42
-156
-80
295
2215
39
332
-742
85
-42
271
153
-2
161
-2468
109
-3150
2132
-1972
1040
2118
-27
3410
62
201
-151
164
-2083
-675
999
-734
-734
-562
167
-192
77
-669
353
151
487
3725
92
27
27
-1622
7
-35
-56
143
-206
-224
-21
11
637
351
-2
554
-135
-103
326
-8
1518
211
350
-160
1002
803
-431
-2012
121
639
-21
435
248
197
-584
197
363
60
60
247
183
1548
-650
347
-155
29
-155
-3201
-83
2485
196
457
273
106
85
-566
-69
-115
3336
86
1193
-886
-169
-43
-43
77
-470
-2972
730
-843
831
163
20
-113
3896
1720
-640
1601
84
-46
471
81
-527
-60
-96
141
134
621
240
-3950
700
-161
-161
-3334
-19
-3347
-246
-3886
3341
122
56
-41
-1652
-38
-138
-477
154
-1214
140
3167
-560
-1581
167
893
-294
-83
-112
-3795
-229
1983
280
6
-24
-86
402
-96
-76
-3074
680
381
572
-329
230
230
-3232
-39
-116
-81
132
644
570
570
18
1088
748
-2
119
186
677
316
80
3531
80
62
-205
-205
122
-83
22
558
521
47
-2437
-306
188
-75
286
-184
84
1847
1170
669
-77
160
111
176
-289
85
18
-77
248
-491
2164
-3800
676
-77
-109
-174
374
-896
-3
1053
11
-13
-356
2954
-3536
1910
4000
-2022
317
-1136
-167
140
-316
-440
-77
-56
-6
-257
121
305
-47
-370
239
-2580
153
-44
-1198
284
-3040
-554
-233
-105
-2840
287
-57
-98
673
-255
66
495
227
813
-44
3327
-567
2122
-1574
1694
90
98
-1094
-2942
240
-1005
291
-689
458
-42
-61
8
277
3697
-295
1120
-147
237
-304
409
677
508
-280
-22
673
-274
-21
266
-2423
-1982
154
-354
428
-959
613
215
227
135
3219
-185
-215
-94
80
1504
111
-86
245
50
-815
-154
175
362
-354
-88
137
137
-131
34
34
-90
142
475
472
1277
-109
-160
-1254
-3495
-124
157
277
825
-180
135
1014
-421
-13
478
165
451
-55
671
-27
-31
3372
246
113
127
-76
377
1252
2685
1311
-56
16
-814
-66
485
-79
49
-14
-281
2434
25
-468
218
-449
74
636
649
-521
-962
90
3792
3429
-496
-2293
1790
3900
-2052
-2073
-1464
-73
3626
23
-1387
-3772
-3918
2931
2741
-3854
-77
-1982
423
-317
-914
2496
-3806
-2896
1598
-1358
687
1878
-3530
1042
-1273
-3737
-1772
-3411
-3776
-1465
81
-1955
1552
-585
-41
-1976
-1164
-3182
-3196
-119
1794
-3196
-112
169
-65
349
-3812
1913
362
1716
1925
2114
2656
341
30
1422
57
-173
-345
229
833
273
3924
-131
1335
-57
-349
-1101
50
242
2462
2687
-3498
2273
1744
603
35
125
-1689
-3425
150
252
-462
1809
-84
2126
1657
1514
2867
-42
-2185
-23
295
-6
2899
88
1428
-1216
626
3573
-3681
3605
-45
-1436
-3357
-871
-43
-2995
-2196
-3765
-2119
-2569
1990
208
109
-444
223
484
293
-3768
243
-870
963
-26
140
1087
-87
164
-203
-11
713
237
-2130
-137
26
78
-1949
377
2451
313
-198
-836
311
115
265
11
85
536
-70
-1242
-18
-2225
-78
-1503
2344
275
22
240
288
195
397
-7
-161
-2456
1999
-166
14
52
81
71
294
-189
-444
426
404
-141
80
-179
261
1515
-3283
-3093
277
939
-1150
-228
433
-3517
-30
403
-364
-3920
300
-2160
444
448
-7
-68
-25
165
-199
-11
-50
-107
153
127
413
687
416
-450
407
7
123
211
222
218
1285
26
-61
-4
-109
-84
170
252
381
126
347
3297
1
2191
-991
172
280
-384
-2499
105
-1197
-87
346
-11
196
3010
25
2470
-124
1645
2807
1021
-90
-87
-95
431
496
-136
331
-544
494
-227
550
-2521
-270
162
229
-157
1360
-3
285
290
-32
-105
357
-192
-116
203
118
-2
-23
144
350
-83
3593
-23
252
309
-4
451
237
-344
82
-61
633
-209
340
-87
-125
3821
-916
-28
-64
-153
3026
-39
650
-83
45
-187
1653
-116
-30
3607
172
163
1235
347
-3197
2313
278
-3268
-3648
174
169
168
168
198
219
-2547
-3709
1241
327
-3709
381
-3366
2151
231
256
-3716
149
1152
-120
-104
-2640
-206
395
119
355
-373
296
1294
-1454
449
27
-111
152
38
-3738
3380
390
-3078
-3999
32
-293
-1553
-463
-3407
-70
-1174
-118
884
434
641
1099
1099
1099
1146
450
-2356
110
1337
348
23
-2
-573
23
46
3214
-1039
53
5
1299
-188
25
87
1670
-199
2326
-3852
63
-3629
3450
3349
3
-2112
395
395
-3921
17
153
992
-507
184
-2
2156
-643
859
-709
-46
242
3157
438
399
292
3782
439
1724
91
1012
-64
-192
-131
-2475
-4
1394
7
291
218
189
-149
189
268
-138
2554
20
-88
-53
342
50
1374
62
202
-65
-91
2040
365
352
-109
103
-1573
112
1532
114
-129
744
-665
-927
54
1164
-2565
-3243
215
-3809
405
-3989
-580
-39
1789
15
-2190
-151
-2867
-19
-9
104
-2031
396
436
23
151
3782
369
-339
-3428
51
621
1679
51
-561
-4
-1094
1141
-87
855
-69
315
-45
3549
-61
-157
-89
551
-87
546
330
441
886
-175
256
-247
-784
-42
-214
89
79
-119
155
707
-115
-46
332
669
1036
-785
-3834
335
335
178
-140
543
-37
-57
-1769
-2570
228
103
253
-160
-65
-46
-120
329
-3626
-16
209
-100
3248
-1290
-112
1172
-3443
152
285
1576
45
2178
147
461
379
-635
63
222
-141
49
707
-101
-7
1989
-194
-2516
-8
-1545
-47
152
664
227
146
-138
-78
-244
2012
289
-158
-345
-616
-1842
-1263
1074
361
638
146
3504
-117
362
429
-85
-227
150
419
240
-901
-2478
-1107
3725
-10
-273
53
721
-1218
679
-555
679
-509
871
2856
-44
3501
-952
289
289
650
3765
-80
441
286
250
-25
986
219
251
-170
252
-66
411
-26
-377
-156
-17
-168
202
-707
27
460
324
-26
-79
-11
126
-38
617
374
-268
-235
-166
-108
512
-980
-489
367
-84
3236
-49
117
338
-22
-4
2784
3273
228
350
-35
22
-91
-50
-20
-3586
-1176
-3996
-124
-687
1325
-126
83
-311
-54
-69
156
28
264
198
1867
-67
132
1598
-80
253
15
-95
-37
-141
-462
-207
295
-398
317
355
3300
-40
-64
-139
-10
1419
169
-107
196
-159
-1477
-20
40
-3
2393
1665
-5
88
-34
-350
-36
94
-16
211
-60
-742
101
-437
102
-371
66
132
-44
17
215
-3160
97
155
-107
-95
279
205
-706
535
63
-284
204
42
-14
-109
51
157
-822
39
82
-68
65
-187
-160
-160
19
-77
-186
163
321
144
455
357
271
-88
1803
107
231
57
-90
3572
-402
316
-456
63
-43
451
124
2157
23
3001
-2300
-172
2914
-513
113
417
61
54
-335
164
207
52
332
-47
-142
267
91
-112
-16
-3672
23
-1731
51
-193
-106
-9
-173
162
524
243
-55
194
-54
3619
1724
-10
-267
190
162
-79
17
33
-32
14
192
-3367
164
185
344
129
133
212
88
114
404
256
-105
218
376
-778
211
6
10
23
307
2122
-65
44
44
195
285
15
222
149
-299
640
102
153
-96
355
2
-316
494
-772
-2755
1074
-119
-40
260
9
-127
84
16
-1952
-14
-304
540
-9
147
86
83
25
-143
-19
-153
2
-185
-33
135
-1262
-289
-154
-154
-2539
36
-3064
-1052
-653
-33
-109
-368
120
-30
-33
115
167
-686
195
56
23
280
893
365
-1273
-199
1020
948
-16
-94
2363
3610
-266
162
284
308
657
-81
-83
108
-264
3158
-2580
3260
-165
1350
-1548
-487
-31
369
-1955
-2594
366
-1907
2216
-15
-324
42
42
148
-73
618
105
119
203
344
-64
-66
24
25
-210
-210
89
142
-12
2077
-155
3021
410
433
-719
195
78
99
-28
1710
-1157
-23
589
16
-259
863
-148
245
-366
-186
873
99
2724
-455
-257
-199
156
-454
-65
204
3144
1435
571
-1285
-78
326
237
186
1234
458
1549
-164
240
61
7
33
-39
-498
200
15
-63
380
-30
273
-26
146
-1244
-120
-2623
297
-1511
618
-3582
57
487
130
-26
115
76
-243
-73
255
-15
-6
692
-439
-3718
-2021
57
-64
316
261
241
3837
149
-164
-1
319
783
435
-16
-119
129
414
-2044
1181
-43
-43
-43
351
735
-706
13
97
161
-56
-1406
-76
-741
2871
-252
-310
646
-3512
306
-700
8
306
752
-96
73
2473
-1346
280
18
3945
404
-111
141
761
218
-52
213
3147
91
58
-336
-56
-109
-217
374
-151
557
-254
186
106
-2804
262
247
112
-2
2045
361
223
1742
39
-87
82
-9
196
2825
-848
270
-5
231
-62
-42
163
1891
-3214
362
-89
-3
-27
-489
278
108
-50
2447
150
199
-191
-274
-1833
-713
-50
351
-96
-163
-286
564
151
191
3413
-511
-2340
-29
169
-63
255
161
-84
-125
874
-112
-42
1349
164
1153
-1320
3581
243
713
1365
-333
30
607
727
-11
-294
175
-409
489
656
-1642
397
531
-1
31
-268
-1660
86
-2957
684
131
422
280
3865
480
291
1342
304
354
-196
276
3321
-2728
482
-22
-1433
375
1336
552
-119
52
924
-105
-45
286
267
-134
328
25
1802
-157
209
12
210
-32
200
24
-80
-2134
3411
-2747
83
535
3740
117
121
405
52
1250
1551
21
241
578
-1936
-37
-566
422
422
-108
-2088
434
649
158
-3227
361
92
-68
-65
492
-994
85
-237
135
-1214
-46
-39
275
111
-1967
-3259
1191
487
-128
115
2257
-1731
925
-3086
-152
100
253
-2096
-1313
122
1468
-607
-2028
3926
1596
16
-310
1271
-901
-63
150
91
-297
2935
-40
-1899
-762
-354
97
-392
3529
-79
-2
164
40
-2805
-3171
-2564
112
20
-266
21
-2234
-3992
1152
-12
-70
842
-14
-366
40
276
-3737
-3757
-1342
1366
1366
-65
-433
-2819
-1632
-528
1896
3559
48
-215
-2649
18
-3769
1328
-3189
-92
259
-2740
-391
240
-299
258
195
-468
196
271
1750
-444
3410
145
-2021
3484
1227
2337
1102
2584
168
2504
-3933
1443
160
3075
3468
535
2937
180
1499
3287
-2130
-3837
340
2158
-37
-3178
-3700
3794
1269
-1570
658
-1138
2229
-4000
647
3292
-1508
-2583
-692
32
569
-3808
-2554
1234
843
-1427
148
-682
-1334
-2769
14
-2010
-3633
25
3356
3356
3777
3111
-113
-1131
3599
3055
2509
1609
522
-425
-3267
3022
2611
23
-1228
-1945
-2767
3449
-1166
-1809
-1809
-3896
-194
-692
-2312
3558
2380
1030
-635
-2401
-3141
-3957
-3957
1196
3396
2736
1248
-215
-1398
3136
3136
-2418
-21
-63
2161
108
-993
-251
-229
132
862
76
3800
176
93
140
1707
1782
-84
260
582
-113
20
-721
-3378
1174
2704
-77
134
-166
-3928
-3928
52
790
559
-127
9
-1146
-387
-1528
-84
-105
-3215
2528
-555
-122
-122
-43
3246
-10
208
27
27
789
252
70
-992
100
100
3529
2065
29
413
372
97
-21
999
97
2675
-21
-542
295
909
91
-281
181
294
990
2060
-372
9
344
344
686
104
794
220
482
2614
2049
3985
2118
83
-54
1747
452
3547
5
-85
-17
-133
298
431
-63
-82
-82
-43
-1253
50
-601
-360
-2731
208
-61
-84
-68
34
-14
377
-492
5
-547
-22
-22
28
1102
846
446
198
657
-1798
285
-3979
2714
1975
1528
66
396
-113
84
-70
245
1332
267
-1279
177
545
-1366
-545
-545
390
-636
-3948
3942
2222
456
-276
3
-87
-4
-1480
83
-195
222
-996
-255
-658
878
-563
365
-51
-1
258
-109
-7
-531
334
-964
-81
217
126
-430
329
121
51
616
239
64
-4
35
-4
41
-126
46
-121
22
39
22
-689
79
-6
-28
-54
-113
-90
-210
3201
-3907
222
145
-218
-947
-105
-8
-130
-40
419
96
147
-237
543
198
99
214
630
-180
125
-2970
2493
100
-248
115
-692
67
91
-64
-148
832
211
7
-769
-43
486
493
647
366
-2
-630
-52
-119
201
-128
450
-86
7
-108
411
-9
-76
-110
-253
54
-147
-1757
-86
7
2641
481
1
484
431
63
-88
718
198
-411
-1255
-67
305
-308
-23
58
154
-1138
148
148
294
168
117
328
866
-114
-203
-148
-114
-170
-380
17
105
113
-14
-55
-2920
-301
288
2090
50
-3278
-2149
149
1336
542
2694
-290
263
622
192
-620
7
-160
2514
-90
605
-963
221
431
-538
-42
-18
-3134
-178
136
-53
-81
620
-129
435
187
199
31
200
459
156
244
399
415
-49
1759
-60
-76
415
-84
-84
-134
-253
36
-11
-51
22
-565
665
99
857
78
-194
-116
-291
72
72
-163
8
212
0
-162
450
193
256
-41
-383
312
371
3638
-1704
131
53
-82
199
-283
-3364
-425
-57
862
407
2
2147
-3602
1138
-511
-511
115
288
818
183
1
-164
237
-277
3512
375
-595
81
-92
382
105
-186
-14
1045
86
-42
879
307
-597
569
245
190
3115
3685
133
1036
1601
-366
229
289
-112
41
-4
-14
-3430
-1350
144
1330
254
-77
-110
-176
16
384
19
13
2544
24
1739
663
-2150
-2884
-327
-47
120
-475
196
377
1299
-167
58
-157
38
148
-246
122
167
-203
-3
384
193
202
-226
103
1611
286
172
-315
1077
-62
-64
1642
433
30
2802
2007
3595
2357
-111
-111
3096
471
288
-88
-97
623
90
-116
-121
330
2
66
66
-3715
-290
104
-225
133
171
-2248
-18
-539
-2396
386
-945
142
103
23
-160
554
-44
1321
-145
-79
-1010
-129
1706
-91
2387
-21
-2086
1138
-995
-2117
1623
-716
53
3236
2518
-49
-178
-479
273
244
-216
164
7
351
-395
248
-20
-424
2867
3863
481
390
119
-27
-1663
-179
-131
242
-131
-621
248
418
-81
-106
3994
-226
1846
-2243
3821
-46
2434
-21
-82
-73
182
-1394
16
706
-26
-2582
2003
2623
-65
-230
-176
70
459
250
2859
-391
266
-76
17
-33
-292
123
-183
-601
3467
-1222
3467
2422
-41
-1174
388
-2847
-659
2548
1042
616
1833
-1658
-515
3916
-515
-572
274
2386
-2753
-2126
-1720
-1348
-730
-412
-3608
1884
-2504
-2619
105
-2663
257
-1419
257
586
22
2651
624
14
1533
620
1265
575
-637
613
654
575
-659
14
615
-1274
587
232
604
557
574
589
273
-3397
2906
616
592
563
-4000
-1988
90
2355
-235
-658
257
140
153
32
321
-3578
1767
-75
208
-20
-58
-58
-143
-22
22
83
142
2398
34
-108
454
256
279
-86
407
178
144
-69
-1183
1205
-1062
636
-991
-318
-210
-39
178
-44
-28
-13
504
-272
244
250
-14
-217
237
-866
-453
-1308
-1477
-78
139
1348
139
-262
-111
64
2952
35
20
-52
75
1491
899
2238
354
30
100
-206
-1574
-2228
210
-1592
-677
-711
2
-139
110
-20
-261
142
51
1085
-264
-951
1589
3132
-3077
-110
411
274
-288
110
-36
-157
275
308
227
-52
-210
-69
-2385
593
-1663
-83
104
-52
3595
-3121
-306
196
-9
-379
239
-532
129
-38
2578
159
-13
-316
-22
10
-55
-55
-55
1040
392
154
-1557
2603
102
3549
-3336
-1142
3847
-43
-63
10
-31
-41
200
-3
262
189
233
18
2074
1556
214
-314
-3
-56
116
-279
-3714
107
-224
-82
-1735
-648
253
-2301
-20
457
4
-48
-110
125
-486
284
5
-18
34
-102
2508
-2663
-52
-66
155
-380
-34
824
-121
-105
243
277
-123
-109
96
142
15
2851
236
860
-257
-15
-82
194
286
-482
-195
-2467
-38
2095
85
3248
1614
373
-125
-1012
-39
122
-405
-67
-3194
134
-299
50
630
309
414
179
410
100
285
351
-119
-4
259
196
-105
-59
148
254
103
-132
-87
-108
-18
491
577
-207
-576
-52
21
234
460
-88
-34
-7
92
-211
3739
776
401
-3705
-176
67
438
828
114
-19
-38
-769
220
-24
234
-127
160
-182
-53
1116
724
-866
-162
-50
-483
-269
173
-109
-54
80
311
3588
267
56
-2094
-114
-28
-94
-31
-154
208
-18
84
-83
-64
257
1511
-50
-50
-53
92
217
325
568
841
3318
344
397
-121
951
6
180
123
132
-95
-130
-105
-107
37
12
241
-54
290
-70
-444
-33
-115
-666
1216
-356
472
-52
-124
-23
-119
-41
2991
-73
-1108
-29
-29
158
56
183
-364
-161
-161
292
-9
283
284
1313
832
200
-77
-511
117
210
-203
-80
-263
-30
-107
-224
-21
-61
120
16
-1329
510
-233
143
200
-239
330
2198
65
173
25
1763
105
-2518
597
-76
-2432
78
1867
-725
-191
-26
-165
1591
696
-19
-53
-1130
-18
-3660
1148
-66
3788
-6
7
-12
-1512
47
-84
112
-6
49
-54
1645
784
220
1170
183
1311
499
364
217
-192
14
-2345
26
62
-53
-54
-137
3017
96
1673
-93
84
366
300
320
-919
195
-256
-725
54
-190
99
207
855
106
-56
-33
302
92
254
223
125
48
-110
-213
-65
-966
9
-120
-86
-79
-2488
-2488
2982
2982
-1540
177
329
-29
539
6
-179
-236
-29
497
-2372
3076
-14
3760
-1079
-3363
169
-295
330
189
13
-287
389
-3880
620
-8
158
-61
-12
-99
-196
2065
87
81
-211
111
258
-3857
59
-64
-285
67
2993
173
608
16
235
248
329
28
-349
48
88
179
-2945
-234
-971
241
113
-2124
166
-202
-129
222
-44
103
-71
25
130
-190
625
-133
-151
1170
40
-280
40
375
-79
261
-196
-35
-91
-35
237
-2970
124
267
353
48
145
2908
-138
174
4
-2741
421
365
288
-41
122
98
2152
193
4000
-115
-110
-85
-225
-470
-121
-140
330
2528
1784
-41
-782
497
78
-1883
-25
-628
78
16
651
2529
-642
195
-168
-171
216
435
-23
-53
114
755
102
2610
255
34
-243
9
14
139
300
1515
-1108
-884
-3907
-3888
998
259
11
4000
-4
23
-2550
198
289
-1356
119
76
-43
-111
225
-618
-99
7
-61
2934
-42
2727
2589
409
278
-378
-76
13
0
3921
-3802
-164
-1923
-3897
163
48
242
-528
-136
-174
3947
8
-31
-281
343
-494
276
775
73
545
-3596
-123
2748
276
2268
-3800
-2202
-3011
-78
-58
-145
85
-83
146
-3508
812
182
1418
-105
-3743
784
2056
68
-728
-219
122
1709
-1771
321
-755
1369
109
-533
135
205
-347
-40
-3813
-45
279
-2310
287
-2614
-123
-76
25
-98
-189
3197
-218
37
-1292
35
120
-112
27
-3947
-12
228
146
356
-365
-2558
190
-292
-1
98
105
3935
241
421
421
222
401
-93
102
-1109
278
40
2103
20
-398
832
-14
140
34
21
-3077
2867
-141
91
121
-2136
-50
-3746
3927
100
25
-1022
2181
1590
69
128
-3332
-75
-403
2156
-574
238
-306
-451
218
-710
197
50
185
-3770
-818
-88
-94
-31
186
-2225
-316
-22
1467
-110
-311
106
152
464
464
286
-938
-48
-1803
-7
529
-358
288
295
139
-105
24
-291
161
699
-88
92
-808
602
22
-65
319
26
-184
231
-87
-66
-116
-321
117
456
-2424
299
-1180
734
3044
-737
-108
196
-164
152
75
59
2136
-2552
455
2732
54
113
-3990
314
3165
-2431
246
1403
-116
18
166
213
222
296
727
-78
-1905
-14
249
-148
30
256
126
21
27
-2719
155
-75
45
7
-136
197
197
340
-76
9
-1290
-38
48
-3257
846
163
111
25
292
-240
-240
-312
77
133
224
224
-527
686
2885
1617
-2137
292
-78
-386
318
-89
2
3560
3941
1851
392
2931
-3451
-2651
3431
1413
380
119
-175
37
-451
-1858
-99
-110
-68
-2235
2507
238
330
-1250
218
207
2200
-258
-29
52
1312
310
24
377
660
478
-177
125
-3893
307
-748
-748
370
-45
1
-209
137
169
350
179
114
-499
329
298
-67
237
246
415
-67
343
270
-38
-57
-108
3044
-42
231
-477
-38
135
1226
-453
-93
3789
89
-3984
1438
-1380
100
317
-3674
-3701
145
-116
98
338
1449
112
-44
383
385
-77
3759
780
1378
-89
3511
-2421
2121
26
91
297
-137
-89
-112
229
-614
-404
150
-89
-82
-504
-135
-149
1840
274
1132
16
-103
95
-1043
-82
-3775
-1405
-369
-3160
149
3498
3560
206
3560
49
18
402
1433
77
429
2843
429
46
158
46
296
731
1170
847
48
-349
-496
286
-127
-2428
481
745
158
89
2756
-2133
-391
668
-854
-3548
336
336
134
-3605
95
-6
999
3843
454
4
886
2276
795
-3284
1980
3999
-455
424
1098
38
2643
31
1752
346
367
-805
-995
-49
-6
-1249
-1997
608
329
202
-651
134
408
-148
-8
317
2752
-63
-17
-259
28
-158
359
446
128
-539
3529
-618
52
443
626
-105
120
-249
-1
1985
-79
218
-370
3858
1971
110
497
-92
39
371
43
-353
-2463
609
-2012
-490
152
191
3820
-35
266
1423
-227
-2151
83
382
345
-551
330
-155
-246
-136
-66
-111
-109
-3337
2933
-108
-3077
-3823
-1639
-60
1926
-193
2778
35
17
-324
29
11
-51
1651
300
2826
-168
70
226
94
39
1057
-43
-509
88
792
101
85
88
-55
1156
-231
5
-750
150
440
171
-6
3909
3621
1227
-82
577
264
628
-62
930
1
-227
-230
-3989
121
-2582
-2582
137
-19
-86
-282
96
-249
7
203
491
277
3502
-2973
442
-24
-79
2070
529
-12
-47
631
-15
-46
-46
-3848
3869
-521
-2083
39
492
61
61
-1506
-186
2783
7
-212
-46
-29
-1198
-42
292
-91
2311
22
352
3307
-755
28
135
-215
201
-511
168
51
81
145
166
85
88
-20
905
-3870
1466
905
345
-3254
171
2290
-367
306
-367
442
-104
-84
-76
-551
1441
-76
177
392
225
83
206
137
-163
-422
270
-448
64
179
302
3787
3319
-365
-393
198
3319
50
672
96
-83
138
-138
296
199
28
28
-33
90
80
20
-289
659
65
-91
150
20
-22
-115
168
168
-27
220
-2786
500
-82
499
19
-171
523
-142
-453
1355
1355
143
1396
437
891
926
245
564
-120
246
544
-166
36
85
2203
457
1815
-9
-11
-304
321
321
-633
280
13
149
-186
-47
-70
-553
444
-2791
961
-101
-1392
673
-738
-6
431
-116
119
-2439
3343
37
1490
2878
98
290
3571
289
-650
118
-79
130
-1792
407
-371
19
-492
-47
113
-41
-1489
-2091
791
202
-88
-88
214
-97
-2793
248
-41
3287
-61
169
3155
70
-37
-195
84
-74
-81
-121
186
-26
-1871
-28
529
-302
116
-1640
2573
2896
2227
2094
-1037
-2682
-561
2896
-2943
484
1136
-182
-34
168
613
-320
714
52
2525
-2561
60
19
1414
1414
1835
-180
-180
136
215
476
-84
269
-3534
55
400
248
1920
376
-302
177
390
275
237
151
142
-43
230
-84
276
-392
-120
63
147
-529
11
-1860
-198
99
1992
-308
1439
2092
3935
555
-709
2596
-17
3790
-282
-329
90
204
716
-65
211
-657
-1
2453
379
-338
197
196
24
11
-890
3722
230
293
50
-113
209
192
3857
-145
1692
115
-98
-79
-3159
-232
-175
87
-215
-3994
145
-335
-246
255
265
-57
-17
-227
-405
-201
-1081
-132
2695
276
1080
-258
-3050
45
43
124
-400
225
-3414
931
35
24
90
2609
-1116
507
-14
-90
267
95
121
1033
-482
41
-1146
98
-1113
1010
-3157
-59
1218
-415
192
14
-24
-3692
-97
171
112
203
-649
-188
138
-47
138
-43
-40
37
7
-2744
-62
228
-918
284
868
99
251
-3553
1638
430
1708
901
61
69
37
-56
614
180
-3999
1407
-1305
-345
1579
-139
2387
-149
38
1622
-304
-1566
-1024
-118
225
-383
24
3688
19
-4000
-560
-27
2833
332
-21
-503
158
61
-660
264
809
30
-110
-237
9
-228
2996
443
-798
-478
389
-109
-226
100
-240
-2647
224
2346
2346
-431
779
229
-876
236
47
3619
3767
503
2391
-2573
243
-3518
1404
658
3784
1465
-1235
779
-36
305
385
114
147
139
-470
-3464
3170
-786
-786
-786
-33
-3099
1386
1683
1683
135
-491
373
403
80
80
3098
-92
-765
359
3496
-718
801
235
688
-2324
9
756
-901
-90
113
-47
-2378
4000
-1602
-796
481
528
1399
2655
-2918
228
421
1619
18
-3155
-2535
1087
-105
-105
-254
534
128
-25
-1211
-134
440
2761
-3728
2660
-429
-429
-48
198
824
-1159
-1326
1192
1662
-69
-38
28
-108
-17
-806
93
495
88
-3934
540
-280
-1702
3206
3695
80
-2083
50
-223
120
219
839
1092
92
-4
523
-378
-1918
190
167
1045
-7
967
1621
-888
1606
-139
-196
1802
-92
130
130
176
176
780
-105
-344
192
84
-1761
-90
252
200
-80
326
147
-596
-596
88
310
208
210
210
352
205
1868
369
3462
136
-565
301
-169
-1636
-8
-89
237
-714
-425
184
-112
3751
698
-43
-5
-1920
210
-541
26
-19
1094
326
1472
23
2959
257
169
34
-613
3732
-159
257
-185
-14
1373
-74
-131
2551
3495
49
704
234
455
377
-391
202
168
-96
122
87
524
-63
-86
-1680
-87
-162
1084
2476
4
28
28
103
-327
-688
153
-460
13
-178
-178
-1929
-3637
92
10
86
-352
1696
-42
289
-115
-111
86
2602
-2902
-163
48
-2196
-102
-2458
6
-13
210
-80
11
-38
-72
341
105
2607
-2326
1207
233
-1678
-24
-3831
-16
242
21
321
-8
-205
-186
2379
5
226
3831
-81
282
-90
186
379
388
-70
1632
2676
-2542
136
353
-1633
237
-188
-131
303
730
-61
217
201
3555
185
507
-139
-100
1735
1268
-2748
2624
2160
78
1234
2263
2467
-2171
2045
212
-295
197
-155
211
-118
-1768
18
3457
-836
403
-32
361
3387
-2720
-352
93
138
3060
197
3520
3
-3120
-1879
-45
-912
-2741
2491
1475
-1353
1475
70
101
1468
2784
1469
163
-659
506
479
-108
238
575
91
341
-307
-3644
-33
-81
100
116
2231
-81
-1850
-201
-178
79
-59
111
-341
1095
-188
-10
696
-3438
-1746
260
-15
802
124
-109
-23
24
637
-76
-2539
66
806
-148
-513
188
2043
1212
229
98
-2128
3160
623
84
89
-5
-112
1777
-3936
-62
21
21
-362
2923
120
1447
-295
-158
1544
96
143
8
250
134
-233
125
1712
204
206
1979
3016
-357
-3556
-3556
149
-1540
-3155
2892
2920
3537
-69
3978
175
155
159
218
281
146
-2597
453
444
462
183
431
481
421
511
185
430
197
220
131
290
1548
209
111
153
150
110
1798
-2350
3505
2615
2665
186
203
-105
176
188
155
203
244
652
-4
3251
-26
-735
152
-1749
-105
-208
-132
-107
-2529
-133
-86
424
89
27
26
-95
26
-2963
-71
1028
-1126
-64
128
157
1390
-28
99
1935
485
-36
-12
-113
-210
132
4
1890
-2579
7
-41
295
-62
-65
-24
-49
-4
336
440
3524
24
-769
-769
283
162
-1572
-2819
-8
-1573
-1089
-112
204
-233
92
-3504
3425
-96
-1395
-126
-748
11
423
-90
4000
639
329
576
191
6
-282
80
-283
227
196
-498
85
-81
3086
2788
-71
13
49
-27
3361
-148
196
393
8
181
81
-11
-66
-552
-271
-271
3908
231
2101
142
-1566
-216
112
-221
-3288
-3947
-3101
95
168
-302
-22
890
7
222
-91
-92
336
-3937
-230
-167
-25
-25
374
-292
151
-14
-14
-69
-85
-482
-195
488
-104
-14
-153
247
159
303
88
-1053
-289
-224
655
18
218
186
-88
-75
3883
2286
1225
1768
127
2286
-2120
972
1109
3455
3203
82
-278
325
-3887
203
43
-852
1122
466
-268
439
-24
363
130
-32
2031
-143
526
56
108
85
-3196
2858
-552
1439
176
348
31
-154
1077
-3886
1896
-1155
-65
-166
100
30
-89
-112
56
72
-33
227
80
77
12
131
-83
417
408
488
-60
307
219
219
-964
431
1106
-3053
838
12
328
-184
-440
-16
-104
192
1963
29
-89
-260
419
-660
-130
1
278
-107
-82
-244
-3954
380
3755
131
596
-125
-172
-172
5
1079
-36
3874
1663
3904
-235
-1563
-36
3384
-6
-1089
-532
-26
460
170
173
-734
3028
343
-79
261
-164
-22
-245
-2906
-491
284
1865
-44
195
199
-243
-133
191
1540
415
169
480
-2123
-704
35
-37
223
532
1151
201
-456
164
-2156
3830
-30
-1949
55
-44
363
214
-25
-2
292
524
-43
-167
-2712
-671
80
-510
145
425
896
924
519
-77
-590
896
3665
-3
14
259
267
-31
3957
-81
-1274
789
-93
302
-158
-149
-155
218
3593
-43
-111
4
3118
111
1976
-416
-872
-87
1605
-143
306
-79
-273
-1017
-40
35
-417
-69
-613
333
3410
3064
-2864
-3868
-1339
-82
-534
-2558
-138
2818
2884
3798
-4
23
-174
27
-207
437
843
130
267
-44
-42
-92
184
2498
789
351
-3337
-2073
3199
14
-259
2766
-3682
-365
2855
-107
-140
-23
-81
3338
112
311
-466
-555
454
-69
353
200
21
165
-427
27
-80
-12
45
244
216
-260
212
-314
-53
82
94
322
91
-1117
54
-134
677
-108
-2415
106
-77
-167
-22
509
94
690
-687
-49
169
45
-40
45
-112
-1
346
-156
-2371
2915
96
-66
2185
1083
163
1848
228
242
133
-348
51
2156
82
731
-127
40
-1962
-42
3813
313
-547
-1332
628
3580
687
145
-101
-3788
-114
1733
420
1889
314
-1323
2154
-3364
-7
2849
-256
388
-52
-1970
-103
-43
-84
1698
-228
1908
-67
-2564
651
-220
52
-359
-56
123
250
2193
321
3747
136
3119
366
194
572
-391
3335
-2631
-13
-593
104
983
-52
-25
-746
41
65
49
-232
153
-271
1692
-1745
-121
108
219
2234
-80
3474
238
-111
142
-396
131
157
1943
-36
2929
-168
3903
-3413
86
-267
-200
5
1
87
1135
-264
108
-462
213
216
298
298
-124
-29
2994
104
1863
227
-355
158
-308
-1877
-69
-76
178
200
-105
1027
-166
195
-74
-354
-134
377
28
124
-215
-297
17
-91
-148
36
-367
172
1360
-3978
1070
-317
-2278
-37
-77
305
-23
199
182
-324
-151
-13
-331
-3617
281
-106
-1697
389
-607
219
-1494
-355
215
114
-2282
3816
2467
56
263
11
-36
-93
543
38
-40
-152
3368
30
-91
-48
158
-56
3846
-2571
136
-116
-3251
3175
298
784
-1115
266
809
-159
-13
-31
-147
-2294
345
1051
-117
165
-16
-91
470
-280
129
-110
-14
-2380
582
131
298
267
790
3137
322
553
-119
-550
314
-718
-165
-112
-77
104
341
-307
249
-340
-369
13
-188
438
218
-618
50
-174
36
1305
1241
297
286
-96
-117
2229
-76
-81
-277
-68
402
708
-3748
-97
-25
353
-14
1553
331
29
-534
49
-25
116
194
-54
2
-2897
-214
-1049
467
9
545
100
-502
2286
-5
243
-284
842
3714
-3668
-3898
-1205
21
-814
420
-12
318
-149
1107
346
-2080
776
2489
-3917
-254
1188
-875
2
-106
108
-66
-102
274
303
303
2
3857
-202
397
-83
-484
20
8
-286
-42
-355
177
-96
177
113
-469
-3718
3188
-203
-82
-167
186
139
-8
-343
240
-33
215
256
327
1897
-425
902
-18
193
193
236
143
-56
-125
1918
1331
2090
-16
160
313
221
-1101
-412
-203
2854
11
-575
190
81
623
231
-9
22
19
268
-65
-65
-65
320
2159
363
110
-74
-22
-2951
161
24
-19
179
-22
88
269
-168
910
516
-32
317
-2638
239
2415
-38
119
-1418
2
200
409
-1813
-154
566
-147
-2209
724
86
-706
417
-3
511
320
-351
-2945
74
12
306
-15
-3196
-2171
-3942
3045
-1867
3864
-3501
-12
552
-145
-1881
-25
219
-382
18
-2683
-361
-145
-1272
999
2224
3501
244
1402
-206
149
-839
338
656
79
241
-1818
337
3918
-2475
811
-335
1280
-123
-14
1362
3430
2940
-466
177
-2775
2436
-13
-82
-117
-362
-197
-1484
2544
153
331
82
11
95
4
4
389
-467
-40
-312
214
-1120
438
-41
230
-2132
-253
307
-3
-2216
-49
145
29
53
-9
3886
-110
-50
111
99
1803
-3955
546
268
3883
3294
866
996
237
104
3304
78
-1459
243
134
11
-2
-92
5
727
36
231
55
-3825
2942
422
-1803
160
-261
-162
14
-92
-32
-129
115
-30
20
573
-1430
-3915
229
-340
-861
15
-135
-11
252
61
-75
135
135
135
30
40
234
125
232
232
-34
205
62
56
-656
115
-51
-1298
258
-784
2628
2270
-35
3504
-65
-185
583
2609
40
917
-1347
492
-4
395
-1550
-2276
-60
76
45
-2198
21
189
200
520
-538
163
-110
40
19
208
374
-180
112
17
-54
82
107
-2417
-11
148
-2615
328
1724
52
-217
102
-4
-3513
2472
1186
56
-1047
1402
180
-102
155
108
104
-40
2593
-2018
-290
-86
85
-1133
167
3490
70
-213
3584
227
236
-2262
-10
233
5
285
-43
-2074
457
-24
-12
25
-3897
-3897
1224
-3987
3070
-1674
-30
-133
58
-79
386
15
619
-76
231
207
78
551
326
-682
-2472
-525
-22
251
-782
1719
-3223
-814
280
-1240
-1919
-1240
-1240
153
153
-133
3305
173
1535
89
2458
-1013
-27
139
2615
-476
-379
176
2297
1806
167
3523
106
412
15
-1
135
-291
127
-19
260
2464
-2100
-1
-7
87
-1656
3963
-744
-1041
138
-1615
485
-3999
-3999
-99
-26
-81
-699
59
934
104
931
-107
934
80
103
-352
-352
-3999
-32
1294
3335
3661
3661
-82
1214
953
3556
102
21
-39
-607
271
-672
-3240
-2
13
244
-2265
329
366
142
-3718
150
60
60
-182
120
369
170
40
-74
3378
-3222
3290
-3428
-2191
17
423
92
-147
43
-3670
67
102
1773
-214
-2478
-2478
-2478
118
-168
-237
-3012
-190
-299
-268
296
-14
26
268
154
142
55
80
-3060
-229
-103
131
131
-79
-550
209
29
6
-1176
3079
46
219
286
-3860
219
70
-28
3727
-42
-16
-7
620
-98
197
-2742
227
-42
12
477
251
394
348
3481
20
-618
-522
345
-109
894
136
-59
770
13
3900
-2190
43
3238
-3512
65
-1500
20
728
-40
195
-710
3971
946
131
154
131
-2638
180
309
-7
314
292
364
282
381
355
372
372
372
274
362
362
319
351
317
369
386
386
245
353
292
290
3008
387
292
340
387
340
347
347
359
-386
262
-1215
-21
2659
-73
2680
87
120
223
432
176
-2932
2887
6
-45
-2406
-1737
-76
-3119
-82
-3924
1451
160
-80
119
-384
57
9
140
349
1239
3417
-1637
85
-3536
3382
388
116
-981
76
-333
244
280
2749
248
169
-24
-82
771
102
402
51
17
-42
-888
3195
684
158
-325
-554
3372
129
265
35
1474
-3
-127
-26
1603
146
172
-1708
65
-6
3651
264
478
-3263
-6
-76
-31
196
159
-234
192
218
187
264
168
3166
126
-106
-1689
482
9
96
-372
-31
1196
365
483
811
3479
132
-196
94
-88
-210
-998
64
94
-998
2
1655
45
397
1067
-985
-340
14
-3312
459
-95
-1910
3549
2008
1496
1496
806
72
-2546
-3314
59
-2820
55
1943
-725
129
358
86
86
-42
146
-37
113
-26
218
-28
270
18
56
2934
117
538
28
-158
63
-537
259
108
19
50
-665
50
-34
113
407
2694
2395
485
674
89
-33
2477
79
-5
386
456
186
162
99
-103
154
-3514
211
20
-130
3994
2581
485
-12
50
124
-25
-453
-25
-21
-73
28
3688
-38
-38
-38
-759
7
7
1283
8
-340
3
-3850
-12
-1509
-3206
1565
-1630
-1630
-1630
2101
34
-43
12
57
312
333
2875
365
-1600
327
344
376
378
-1974
-1613
379
362
359
380
344
271
435
382
264
360
-1520
-1955
331
286
379
352
345
345
-245
346
370
385
382
295
349
416
359
264
223
365
298
328
-799
1090
-18
-89
41
-319
-2743
155
248
875
-1160
-1951
206
999
261
224
-1443
707
225
173
2755
-323
-26
-4
-54
11
163
-16
45
859
387
249
-476
-2681
-108
-583
-23
129
-103
3960
423
45
81
-674
130
132
355
331
382
80
-230
-167
-9
346
2976
-3687
-773
2595
-111
3756
14
-640
1395
-3245
-102
545
691
1594
1525
-3883
2895
298
18
1058
60
140
-229
-3738
108
3965
93
307
2043
-541
307
-541
-3466
1308
-2457
-23
703
-3737
1768
-726
-17
53
-2043
793
77
-613
215
-235
-37
-23
-620
269
-548
995
-113
-447
-156
4
-154
-108
-3018
-1820
-464
299
-902
-6
-3147
2798
157
-768
107
-149
-173
690
-180
690
-15
144
85
229
-2159
22
-85
-560
471
-349
-49
281
-58
281
-776
161
26
-25
-152
-152
-98
1031
-3977
-212
96
32
-1021
126
279
-73
19
-961
-282
-12
-242
3176
3921
-7
-47
219
-2737
-488
99
140
65
243
243
-62
-432
3136
227
83
138
192
53
-3185
1787
942
143
229
180
-468
-18
-118
-2849
-168
-130
21
3979
401
181
341
2323
2836
2594
1515
-1889
806
3382
-15
-1
-194
-128
132
137
2026
112
120
3268
391
43
-351
-3998
563
384
-69
-77
-1403
-1
8
-10
-65
199
-357
130
-532
-323
48
2774
48
-47
-47
1775
1628
60
-1355
106
61
424
74
147
-95
-10
2097
296
-414
-49
-76
1502
849
-620
1047
91
-3125
-1670
-1670
3396
3744
-555
185
173
-1577
2355
-111
1727
414
-32
-558
187
-768
2730
921
-3571
52
184
52
-372
399
-10
484
23
-1609
2820
2821
1777
2453
-2046
-1630
-1636
-1527
-1256
-1307
-1243
3277
-1217
-1195
-1297
-1326
14
2064
-24
-82
-54
1
539
217
-1531
3536
-1531
68
-30
114
3051
266
-2191
29
219
2516
-69
734
613
198
613
198
236
228
242
241
252
142
195
-187
225
83
-2
0
0
-76
1613
-81
31
-2311
182
1495
163
-6
-612
231
218
3128
1084
16
16
21
-3798
-476
-12
6
85
761
-2872
-8
106
1059
-1480
932
932
1051
-958
-112
16
81
3778
-4000
44
1271
3794
1262
-3773
-221
268
64
16
-56
-2194
2902
-820
94
30
-3015
345
581
310
-235
-56
-1144
-36
786
413
92
455
587
53
-205
-76
744
2878
585
-1399
-21
-3030
44
-2
-370
2101
-1034
-370
8
1051
2922
91
760
-15
406
1042
84
295
925
2457
-250
-35
-17
-113
211
36
-162
447
-1951
-198
245
-146
138
-76
-13
-106
41
-1834
141
2401
-1788
89
3868
192
301
15
-355
-1
702
2386
-182
-3485
-301
-255
-2243
-534
-2822
443
-2666
365
20
-3965
1755
-3043
-358
27
1707
-175
2568
-353
815
1526
3669
3576
22
-3428
-77
7
-932
-2884
-3996
45
3311
538
-19
121
53
-56
-121
-458
-1096
-12
1186
-164
76
-169
359
-508
-66
79
132
-2468
71
565
-8
2795
-1456
-141
3736
-1155
58
140
-1600
-734
-118
-185
-234
45
-3155
823
773
-127
252
-43
3885
127
29
-2126
304
-1399
1260
362
-824
710
-3704
-3
-447
3869
31
205
-2479
696
-1052
-73
-36
-2587
305
177
-62
-590
101
128
137
349
224
-3287
424
-1239
-665
317
-36
-56
3425
288
-560
659
178
-3705
269
311
-3212
83
3347
-2804
-220
3094
-87
2855
-220
514
316
749
1
2855
747
1297
3970
3152
2050
76
2676
223
113
2004
-1639
49
49
4000
-1215
1376
911
-15
2250
187
172
-86
-315
855
-315
-109
2164
-2360
2734
1301
3945
-9
-86
-9
-1663
-17
169
-86
-86
-172
-106
335
361
361
-109
316
-39
-53
-53
-2098
-67
-77
-24
350
462
441
-30
-24
-91
-254
-91
940
-3661
-3259
-1907
423
-36
-137
171
-77
-77
-16
437
-328
119
102
1632
79
105
3798
-2315
1351
384
-2062
-8
1163
-1278
351
145
-1194
-520
188
-955
279
1678
3541
3541
3182
3120
1678
1674
1659
-2930
24
240
1688
-1585
-2827
1492
3479
2334
2030
76
-2165
-2165
52
-18
27
864
2424
3966
-851
-3461
-6
644
81
2746
-3297
-1511
196
1538
-2123
-2226
1420
462
-3992
350
3313
-1759
104
104
-115
-2838
-3104
800
-2408
478
-2119
64
1363
-912
-1889
-2850
108
-3242
-1669
-41
-2646
297
2549
-803
-18
-18
-724
2235
-383
-19
49
1200
68
49
3896
1177
299
-2987
-445
25
210
263
2384
12
22
175
192
-118
125
31
59
-42
130
130
-924
1751
252
102
205
141
-2846
380
168
168
168
274
274
125
257
223
251
-1805
251
148
261
261
127
89
211
150
196
184
226
-1869
188
188
334
181
196
131
160
334
131
129
391
223
132
223
311
2160
-40
-35
12
48
-13
3188
339
353
-46
-46
257
257
257
7
-2970
-44
180
-460
910
-3493
-544
117
190
117
-11
2580
219
-3356
461
-2135
-154
-466
-854
-15
400
-2996
362
-50
1643
-2979
19
-748
2493
2813
-2255
350
145
2728
283
168
-4000
-2048
-8
-528
184
170
-55
116
-7
-3104
266
131
180
-379
314
-123
-201
977
169
-290
2
113
-310
1160
983
-21
783
35
-303
-10
54
-19
214
1779
-3135
-117
-36
150
-2735
166
257
90
80
-111
-211
-2047
256
-54
8
1992
80
-1745
-124
399
-745
253
-10
301
2429
2429
83
198
-79
-14
291
934
790
-184
-419
237
-109
238
-11
-73
149
96
650
33
-59
-12
49
-2343
-10
-705
241
282
-427
241
-8
209
-84
-268
476
-431
-67
31
301
-216
-54
-136
113
2194
782
-246
7
-248
-82
-572
222
213
-3860
-376
-78
1277
54
-51
143
27
118
-28
113
-126
3962
-156
-83
191
-17
170
1781
1165
-60
-356
1
721
-45
307
2061
0
-2847
-511
228
93
59
428
-29
-45
9
-1649
784
-143
-6
-45
102
-421
238
163
-22
-335
-636
-677
2733
-182
-89
-52
326
3537
3452
260
-76
364
-195
-76
-1796
442
-3013
425
470
3530
869
-15
170
-100
3742
193
86
-85
308
3482
-264
2371
-1248
431
1134
-52
-3025
-237
309
-504
79
-327
270
247
-327
-134
501
-111
19
-1018
440
219
269
833
2031
-70
-10
-10
315
-170
140
259
6
-85
-127
122
17
195
-113
-13
-204
644
82
1800
425
14
221
-433
169
228
-597
303
143
3718
549
228
2753
52
-38
-113
-96
-313
393
149
-343
238
-2057
-3409
2051
-107
-120
-69
664
664
241
229
883
-174
763
175
-28
157
157
-3231
137
-2970
3896
-507
-65
-65
15
-27
-56
-37
-65
304
-317
358
1108
510
-902
457
-79
-281
-1959
-210
-20
33
846
476
51
296
1660
393
-136
487
47
-98
-1061
-120
200
766
-34
-40
16
-41
-1153
190
-81
-130
155
-601
80
744
-244
426
-59
441
-85
-74
358
-3805
170
-455
207
1281
-921
237
-42
-540
178
613
456
-691
-518
226
506
-2123
-1764
3384
-2983
602
-79
792
89
-48
170
-7
201
-3882
115
215
178
-50
319
-21
-55
-144
-2417
355
8
3219
20
-26
20
143
-514
108
296
-31
-255
1046
315
322
-2570
546
-70
232
640
-51
143
288
85
-1168
160
-146
-264
-1981
869
-97
39
149
131
201
-57
99
299
342
1913
-660
214
-59
-61
-1473
2409
392
-925
203
493
-482
3701
-76
1556
-3490
-23
-280
-749
-60
-18
169
-140
-20
-1302
260
437
-4
397
1343
2435
-1886
3468
-213
65
141
-43
-84
2343
-109
-445
273
-129
-232
-10
-3696
-442
-4
-114
308
-13
-396
-113
124
26
2507
192
-5
178
2359
3875
-373
12
-26
-3997
-23
206
422
486
422
192
1241
-47
145
920
238
-2617
-936
49
213
40
310
50
207
-2019
911
1238
1563
1878
2238
501
80
-3474
-504
-3839
-2178
-81
-103
-103
-195
3285
592
3598
-3438
-3438
2817
-104
3277
-214
-104
-63
-3720
-3834
-63
2405
3343
-60
-224
-111
-27
1527
-2278
153
983
-584
-23
-581
3997
-145
276
707
408
625
-866
-62
-4
261
-2
210
276
79
331
-15
-3042
-15
62
3998
445
103
-130
841
180
125
87
241
-162
3492
554
233
-106
-30
-80
8
185
-359
1331
-85
-85
-1452
1331
-2763
-315
-2243
-1354
297
-117
-3104
2303
489
707
-19
672
212
148
-108
-431
174
359
363
648
111
2580
-3360
-463
-347
3664
3700
1850
439
-2
-29
-48
-930
-102
56
21
49
2
0
-30
1462
442
1171
156
-32
1103
96
1
-2345
282
264
-1140
1748
519
-729
328
400
53
-85
-245
-19
187
1756
2084
241
-48
-369
69
-88
659
1079
43
181
8
381
2537
64
-301
3661
-1060
773
2989
3162
3184
-2853
-1416
230
1110
-73
-22
-81
-57
560
-587
488
263
-107
24
1109
-345
521
2341
526
-22
-59
-107
2
177
-29
-11
-1210
337
278
210
-319
211
3063
-88
1126
-177
761
158
-31
197
-306
-60
-48
116
68
21
794
224
-3473
-323
200
151
-102
711
-2433
372
119
192
-3904
233
580
256
-28
886
2546
11
36
218
1732
3435
282
475
118
-698
31
-14
-1021
266
57
189
1845
741
53
21
-58
-667
448
29
-11
-459
110
288
1484
2814
-409
97
46
234
94
-3753
251
-1610
-52
-664
349
775
3645
272
333
1280
171
257
51
-57
197
1704
-2360
-36
3135
-74
-13
-346
806
-204
168
209
-112
-21
1277
285
347
1885
387
268
-2128
3
-333
-243
380
-1150
-10
235
-111
-705
-45
-57
354
-3852
157
-20
482
-656
-192
-44
26
705
-179
95
641
-273
36
-23
-23
193
-3343
619
-19
-216
-1462
1406
-138
2070
2514
142
211
-38
-410
-136
482
144
3942
-1319
-95
365
-3632
773
-31
-235
3626
3850
163
65
3061
56
-2573
1495
1429
328
234
234
-3537
-1451
353
-183
104
104
260
-2786
236
-3414
-63
-667
-188
1414
-568
167
-372
77
3063
466
468
595
-100
234
-39
457
3701
492
-156
-71
342
222
108
496
496
-24
-937
2018
-221
161
-94
-1766
260
81
-3793
295
94
-9
2954
297
213
2152
-1129
-188
401
401
1499
370
-58
312
-28
48
109
158
78
-20
-78
378
-588
-2197
287
-39
3638
45
126
130
411
33
22
-3208
-211
-197
179
-23
651
-77
-337
258
636
-198
270
-39
3695
757
301
21
-44
-1898
-2496
-890
-2640
-1507
4000
185
-145
-71
-132
2409
-116
-33
-31
-2538
-78
101
45
203
-7
383
-116
263
84
-85
542
-416
410
117
-196
3620
-168
-107
-2875
-13
-172
-93
-2813
128
-642
-667
205
2333
-94
-963
85
176
-22
51
-104
-199
264
80
-107
2560
855
-88
-98
14
291
300
-634
-2126
-1982
-962
-1162
-627
436
-41
0
741
2865
198
2365
647
-119
296
-434
95
-68
568
29
-427
313
20
-72
-110
-217
43
2893
-1528
-112
-300
553
-751
550
3633
339
-24
589
-3
-308
-1719
190
556
-40
97
-107
12
51
1501
318
3151
-3949
-439
120
803
-81
164
-1959
78
233
6
195
1356
497
-136
148
-3
-67
-1162
167
-114
-112
-70
-42
-128
549
131
198
281
996
-31
-1322
2650
-45
-1033
3602
2536
-29
403
2297
-30
-84
-2374
-118
2894
-1121
-543
628
-74
-230
1167
216
-323
188
-528
65
512
22
108
2725
605
3418
-600
3142
91
198
-188
-188
80
104
274
-8
-484
-75
20
-89
95
-3497
970
-194
99
-111
-1706
-2645
-17
-423
230
-936
-180
-101
-115
466
-1377
-3978
506
534
-336
-109
304
658
-26
286
-733
-25
190
-73
113
635
-208
-75
-127
-55
51
-471
62
-1529
198
1549
-20
-1233
-41
-84
-75
-44
311
-823
984
-141
72
-3748
35
161
-126
-1496
-2871
-208
259
-3871
-10
-1295
-3851
-60
290
-586
-205
631
-50
1096
-234
-3448
1896
499
179
537
100
2897
2880
2955
-20
-90
1895
-3877
923
125
-258
209
156
-1488
738
-130
826
80
1157
342
3314
2197
3
238
80
53
119
80
-241
180
124
62
-2848
120
-2405
217
-1088
-149
3683
-17
1008
512
88
1931
-186
284
-1889
2152
-90
992
1071
-460
-490
3707
2955
-59
-987
-3068
2602
-31
52
-54
2208
215
215
26
3741
1079
-137
160
-83
-2801
392
138
92
-68
2486
-866
687
176
2946
-563
560
-1507
-84
-133
3882
328
3290
3999
-28
-160
457
-2639
-8
133
-2704
-36
890
481
167
149
-3670
3808
251
642
59
-188
-1265
241
-137
-225
-207
215
-25
12
166
293
286
939
-888
-334
142
-37
-2143
3797
1414
3923
-1938
-2929
-4000
-3494
-3747
-1289
-331
-23
-3667
-41
256
-15
13
-148
-48
156
242
62
124
975
2899
268
140
1036
3664
7
1615
-66
433
488
-110
447
3753
-39
-86
51
-3678
-712
-3678
1169
-222
-3665
1173
-563
117
299
275
66
66
-342
31
-176
80
1442
23
1677
1677
1677
427
-494
79
2458
30
300
359
1821
113
113
262
-40
-89
-89
-90
-77
2363
-134
-123
1510
-29
18
3274
178
183
-352
-33
167
-3
-987
291
344
415
568
137
2649
808
-24
196
178
119
431
228
-118
247
748
-1073
-12
16
-177
194
1601
6
-132
197
-2312
252
-500
1552
111
-115
750
12
-1130
437
152
3499
-3161
2661
-153
118
-409
265
1364
441
55
-105
180
-1545
-184
1794
-44
302
-134
238
1373
-513
6
6
-23
28
-391
-73
364
317
-293
3516
130
-400
2281
3597
173
-113
37
1410
343
86
213
297
-55
146
204
932
-91
780
152
203
1384
3309
-6
165
916
-3429
-319
536
2687
-510
376
2317
3618
3508
60
3176
2704
-333
34
171
115
-3724
990
185
-48
146
-353
197
85
237
-96
1625
-233
-3583
2798
-1653
-13
3798
-3960
-97
182
-358
-84
16
567
132
3379
444
-264
-13
187
92
-1139
-161
285
65
-143
-10
117
294
-104
-63
3496
-1019
-115
82
250
-1869
-3465
905
6
3584
-461
295
2322
108
-1387
-60
146
13
1451
-2724
121
171
122
131
32
150
265
2571
401
437
211
74
-76
285
321
100
51
-3922
165
19
-31
176
182
2944
32
189
201
-104
3575
-16
949
57
-1172
24
-736
24
143
-215
266
3019
144
751
-1000
-169
-39
-129
-3668
-19
-121
-121
118
2306
11
-90
22
1543
350
107
118
-17
234
3671
79
103
34
334
-56
26
-383
278
-115
-79
-1309
-2549
1480
177
14
116
233
-388
801
208
-109
-128
895
372
417
179
-77
155
409
-140
2298
390
-47
-129
12
129
-3030
-42
49
-103
166
-64
26
90
-2353
-66
7
81
-39
-33
3
-12
240
-3
212
-106
2577
2835
60
99
2426
-1272
1264
3884
-2429
-13
348
348
1180
120
38
813
-3481
3576
-225
-49
3576
1371
151
3652
-3276
91
-100
2067
23
115
3090
8
92
-339
-196
86
2559
-3841
70
474
869
3492
181
273
-59
334
-58
8
177
73
51
223
-2
-114
-3992
-1121
327
62
2308
729
-87
85
485
276
1301
-194
186
-42
-6
-81
108
705
-4
-211
125
-35
20
3300
398
-1953
-235
-5
-44
-122
519
-548
279
48
890
-104
-63
-58
220
281
-1975
-180
495
-699
79
-381
139
92
83
998
-32
161
-601
-792
-115
3427
2993
1008
-127
-116
370
-58
-344
2925
81
187
46
1659
-2202
353
115
-258
-25
-200
-370
105
374
608
-507
-1039
814
-1039
290
-76
58
2478
-390
224
-109
-433
-109
-175
2
-230
651
437
-670
579
387
2784
-1310
170
-1706
-3573
3103
883
867
-833
114
-577
199
130
-62
-533
115
229
-13
-176
18
149
633
-13
-136
1651
-1876
587
120
-124
125
20
-3999
-154
850
-57
-55
15
175
211
180
227
-95
448
339
-428
144
3316
3676
303
294
122
-1797
-25
28
210
1507
-63
-1611
-1483
-11
135
108
300
300
300
-305
2930
-386
1794
269
269
-209
3065
1509
-534
-96
-3845
-3557
491
292
-1
-1490
63
96
-1587
238
17
-515
-3848
-88
1153
3078
-2336
-3008
37
26
-86
-78
28
-2970
-99
-592
2175
-2195
94
298
-1298
-52
-92
-89
271
1305
334
-22
-187
501
-922
853
-139
93
1006
1467
1555
22
118
296
376
-3787
-1332
249
2774
657
380
-1802
313
688
310
-1739
3085
135
-944
153
184
154
289
136
-2188
1622
-647
405
-118
879
-76
-104
-58
-35
-86
-362
243
2005
243
41
237
-656
3342
1561
680
-746
-47
-47
-20
-27
-113
322
-32
246
-930
-84
-3146
-1345
543
273
-131
-131
-131
695
241
-2233
1309
1578
3512
562
-199
-67
-70
575
269
180
186
1846
3658
433
350
94
-269
48
292
-399
476
2100
255
-373
228
-819
-2678
162
-467
-10
94
265
-20
-53
-43
168
-227
-35
-1136
397
48
-88
-2693
16
98
-3367
427
395
6
-143
-2493
-2860
54
2485
3172
-3520
2879
149
-63
91
-222
-92
2504
372
339
536
-567
221
1408
3555
2775
3761
201
2425
-35
-2460
501
49
3249
-82
-174
-138
5
1031
79
-82
393
255
-120
82
-34
348
-3384
40
-108
3857
639
707
136
-3433
1281
205
-109
236
-68
346
-261
168
-30
-2944
-466
-37
1160
-86
-206
3022
-44
-118
-965
462
136
-3203
-463
3716
1839
-704
3965
237
-335
-693
376
3
-57
-2
-18
3575
-1625
135
118
691
-948
51
-332
859
2580
-1996
183
345
-59
246
489
-141
-129
91
-23
348
30
3681
245
50
-167
131
132
-948
180
-927
885
1443
302
-3983
605
-468
2262
482
-161
-161
127
-82
-48
-60
196
-447
118
85
-29
-11
-5
2860
-1449
55
202
-13
26
92
-1835
-319
-46
378
-2046
83
293
-398
-5
-97
222
458
-259
946
-3693
-22
-671
28
-179
408
-51
116
-379
377
842
3584
3981
-3259
-85
-51
585
592
1443
-44
587
1455
-945
-231
2103
606
-2982
-148
-14
2258
27
13
-1157
-2557
-3362
-1139
-1458
-647
-3243
-1105
-3371
70
-3861
-3624
-1039
68
1572
151
343
-45
-1710
582
566
3049
3203
-31
-1251
-3378
-22
-39
303
-112
2160
190
507
266
28
3340
441
750
-1
-452
349
123
-2474
-2070
-154
115
-15
-90
-211
-43
-943
87
-3248
-83
-83
-83
-3751
821
-930
106
-126
-25
-2647
-31
2921
-262
-157
77
-18
32
-29
-254
111
-191
96
-35
3641
1789
461
-35
1306
-356
136
302
-44
283
-1296
-80
-33
-663
327
-20
108
48
579
1100
117
-53
290
-17
-361
74
-62
80
165
765
-964
-69
-99
1974
-76
-41
184
238
1259
195
-255
8
83
39
15
-488
155
-36
3018
-617
3605
-36
30
3622
164
-139
1301
160
99
-164
306
-54
33
-3782
-61
787
50
-172
1407
1301
1077
-370
279
-348
-2956
-25
-24
-38
2668
166
236
230
396
-117
57
-50
-464
-359
-3572
209
-2770
-150
1526
1553
2648
1954
281
-506
-85
25
253
177
-123
151
118
-3273
-150
-147
5
1639
59
3715
-374
-110
1223
2492
-107
-1010
-268
-79
-74
-44
-92
-52
15
422
1551
227
-219
2516
2758
-219
-2928
482
429
141
185
-181
80
693
-275
2750
-98
-561
-150
521
37
589
79
-82
617
103
-50
-509
168
-103
-249
284
-218
103
87
700
-83
712
581
-1204
171
205
181
181
198
139
3670
2133
350
115
2418
-65
-81
-69
255
-121
265
475
57
274
116
-3476
-89
-3172
212
291
393
577
-3433
-106
-425
-35
3456
-371
542
-71
2792
560
761
100
-1043
-610
170
68
409
-3737
111
-381
13
-140
3334
501
-102
1
483
195
79
272
-3520
51
-132
-302
950
-94
84
-589
-35
288
-172
-3
490
-14
340
166
-136
-436
-14
-26
53
-117
-18
240
-102
132
-26
-117
154
0
64
353
36
-40
789
-42
121
-42
157
305
-27
-12
-78
233
-328
54
424
-1084
-415
889
371
330
64
-236
0
-59
449
209
-16
151
22
782
78
84
9
133
-1490
-2578
-2990
-1603
-93
1326
-3094
3521
-2966
-2268
393
807
103
-337
223
90
-302
55
1974
215
3208
-492
-1614
-101
10
234
-295
-280
197
-116
8
147
-3155
-68
-583
-98
-6
113
153
1742
-88
-466
-77
-446
2068
49
-1773
547
395
397
-67
-58
342
111
-2593
-42
1546
2375
-208
-1562
-7
171
193
62
166
265
2812
-1068
-21
652
-77
96
-133
3691
2861
1473
633
27
1537
6
23
-30
93
18
16
-156
88
79
-442
-442
-247
26
3076
52
-13
-1641
-565
86
-37
-61
-48
-78
-9
-37
84
84
3644
-51
19
82
128
2148
50
6
-19
897
14
152
-1253
-58
-2891
-20
194
698
-46
63
-733
-12
3025
6
-177
60
-55
-1525
169
-2841
-1551
284
-447
-1570
228
-448
281
866
1083
-1717
16
-103
2813
-2938
-5
-68
101
-264
189
707
-386
153
3982
3848
-22
-250
40
-69
617
74
-77
46
-136
-357
-40
527
232
163
-122
40
-98
187
302
-490
209
-359
-324
325
-149
-22
-900
207
195
140
345
351
-472
201
-301
-46
248
-33
3167
149
-33
812
234
-725
-109
200
-50
-17
336
-164
1928
108
-2416
257
-88
159
206
258
-17
290
18
14
35
3301
261
-610
175
45
-2354
-36
253
198
-116
446
183
-1768
145
310
2113
213
178
-90
-44
2821
177
164
-231
46
3984
-1058
-2152
911
234
3538
-149
445
-6
198
58
-136
-78
312
458
38
1240
-3002
97
-341
159
177
184
28
752
189
148
-334
-4000
138
138
1029
224
138
14
305
-80
-58
-2951
154
-87
19
122
114
126
-3866
240
191
45
-97
-36
306
-3497
-18
-77
51
23
766
-84
-83
53
61
-254
137
-1983
-33
-647
-544
-3899
3962
2480
261
1513
3032
162
-2937
143
-164
-77
-26
2398
15
15
2225
-1108
-3236
157
112
-143
-32
539
102
211
-28
373
-535
-179
186
347
-2107
-2994
124
-313
-2765
-1362
202
57
-246
186
19
-3
-40
-2706
14
27
15
-44
209
-31
-78
-21
-113
-291
242
349
465
372
-3914
-58
388
133
43
-827
706
54
-1
-2565
46
68
-14
291
336
-1380
-742
25
178
16
131
-269
485
-54
-12
-86
-86
180
-3435
13
-3947
-3214
-15
-1
-115
46
264
-4000
401
2133
100
-2654
70
-511
-511
3907
1558
163
120
-19
-29
-19
-79
251
119
-691
84
-1931
4
-13
-262
-443
183
204
367
-4
-44
-12
484
1782
-2629
-2705
-2635
81
-1199
-1063
-123
466
-93
-1063
45
45
91
119
453
-19
180
-62
-975
-62
12
249
-12
-22
-174
-486
84
-1512
-78
-2408
136
0
-2860
245
-365
-7
-321
88
156
3961
3179
-1168
103
3179
103
459
-523
23
124
268
-160
-93
297
-447
-53
227
84
-404
-96
-137
-45
-73
-86
1690
-1
2893
209
3878
-48
129
-71
77
582
630
-61
55
-317
281
227
-99
32
54
2551
63
-39
265
357
30
445
521
569
57
-508
-209
370
-65
165
467
-560
93
298
139
3701
-106
-2810
360
170
359
350
3560
421
-42
3970
-62
819
137
-128
-129
35
294
-71
580
225
-1615
-1937
3553
201
-188
958
573
49
16
286
190
556
128
-3861
13
-35
-277
-2045
-285
-3514
-94
64
158
-3993
180
-326
-1425
-1033
-344
-72
-38
-59
233
228
-1720
429
3169
378
-139
-13
-164
-3883
-198
151
604
-744
-82
-3999
273
-3571
2514
254
21
57
913
783
-2097
303
-9
2
253
495
402
-90
1623
2230
-4
254
-1202
2553
-12
-248
1568
1174
-980
-48
336
-3925
3957
161
-2310
-3713
-87
262
104
251
-1041
-86
-1231
1583
81
1284
-83
-315
2509
-2522
713
353
185
595
-18
-18
518
248
-26
-847
-19
23
-31
-226
-267
-3094
162
20
408
-204
-108
51
-1949
341
-90
216
-90
-3042
67
3097
233
233
-23
678
190
13
-6
337
-131
-1167
215
-444
-842
493
241
910
12
54
-42
-125
-1198
-22
-2710
628
3806
-876
-76
-3753
513
-146
43
211
405
-1231
-43
-222
43
-27
1598
286
-7
-193
-33
-98
-38
139
3209
250
2936
209
49
164
-14
-120
-3400
-65
-80
106
-264
-3869
84
898
192
196
95
392
3578
238
133
-66
-40
-109
-227
-91
261
-669
27
651
3429
1829
-1412
225
3839
464
-104
388
244
1510
-181
124
54
2543
1366
101
90
90
-87
19
289
200
-92
-512
204
3849
3042
-89
1840
-28
-145
3946
-49
75
148
107
-78
-38
397
95
40
-99
-1072
-282
-693
160
2154
130
-75
3840
244
589
109
107
-11
28
86
212
-1099
-200
-438
682
252
-18
476
-173
24
553
178
28
2253
838
62
476
3601
191
50
220
55
645
-24
272
-70
1389
-1487
346
133
-117
1267
242
399
69
517
339
154
-17
-118
-36
22
-124
208
-77
-2206
-18
-91
-133
22
201
182
332
254
-84
-3053
454
-3969
116
209
-4
141
-1395
-3325
501
128
-830
-566
-121
-186
-123
-2623
-1405
-2565
76
1139
978
-50
176
-403
-59
-102
-20
135
-427
267
-48
446
3312
23
-3518
-2966
2977
648
-3195
14
1757
2183
-2563
-269
519
224
-31
150
1062
0
834
-21
-249
-225
421
-15
1057
195
582
-663
909
-453
-135
228
-27
85
138
164
66
-1812
-1648
105
35
411
-45
-1735
1300
-45
645
3274
-11
-82
203
-1113
3283
-2214
-371
-3006
82
3388
-1887
353
-1185
414
-3007
248
-3809
418
-574
2589
-2534
-58
-45
506
128
-187
-33
446
-111
3962
271
-1722
166
-114
-60
-114
-25
-429
-2044
-1729
53
241
1
-40
238
1974
-176
-2085
128
352
-363
292
253
-117
322
-273
103
104
-2307
2984
229
297
437
104
454
-3964
-98
-210
172
-120
128
-76
3059
-3124
464
-41
-107
112
365
967
-916
140
-85
21
-116
1283
101
-812
1399
-64
-402
183
-27
-1774
-1998
3700
-153
-2164
417
-12
-212
199
-2
-73
-41
3430
14
-2100
238
-498
28
587
45
1220
-2378
-22
-3371
76
138
-856
974
-349
-317
-2413
294
2
2320
95
-582
157
1699
3999
205
-868
3999
-24
2619
445
1588
-87
-1737
-133
-380
-2908
928
176
-114
-85
-109
2790
3126
94
-1841
111
68
2360
398
159
-1751
31
922
12
-2867
90
-123
-2700
3253
1293
-3232
-2799
-267
225
-419
3776
114
360
-3831
360
265
2955
2955
-13
234
-251
516
-468
352
102
180
-308
344
-76
-376
-77
-105
-1838
172
-41
-267
250
-66
351
3532
-3827
11
382
284
-1206
293
-107
244
264
-24
-477
-382
203
-162
3437
1925
-3967
-3037
-59
-86
139
99
-3959
99
3874
6
1536
1158
297
-81
220
-621
123
3600
-105
3741
-102
148
-349
149
282
-33
17
-550
506
78
2463
-198
-198
539
3140
-80
253
-44
-40
-40
-381
167
311
-188
-27
323
118
335
532
3052
196
280
-3551
-2503
-1535
-404
1324
-2463
-34
3965
105
24
-130
-284
-70
-3019
115
14
58
1216
-2858
213
314
18
443
-132
-41
-98
-105
761
-969
-96
208
143
214
-519
124
239
108
1474
1055
3352
24
-3433
-184
-36
-2877
61
198
-82
201
2132
-20
-1302
-175
-207
-43
-808
-132
255
-43
302
512
477
-1742
-165
-87
580
227
1313
1936
478
-76
-458
223
412
50
-2465
460
129
170
-108
-17
-54
-110
38
113
-471
207
530
167
28
-66
250
155
311
-58
3966
27
212
143
-409
-94
-33
-251
29
112
186
-63
26
211
51
1685
3887
61
292
549
32
35
-108
292
2995
2249
1075
-383
-3260
-272
1676
-90
2748
464
-87
-35
-2837
-206
41
-261
-149
-83
518
-615
84
84
1506
-20
22
129
342
602
-82
1609
204
1155
243
193
1555
304
-38
156
1916
224
167
-1003
-209
3327
-20
1300
91
-50
327
479
20
-146
-2142
32
-73
-9
546
388
-206
198
93
261
-3651
136
-87
-68
467
261
-82
489
-44
-112
676
933
-78
-49
1906
-41
195
891
82
166
98
-113
-91
748
-411
-1827
-116
190
65
-70
-49
6
-81
589
-1849
-107
-856
-2022
760
490
160
3973
191
506
2308
-899
-2910
-2249
1235
246
2434
-27
-960
-3537
152
89
-1817
-2246
533
156
-345
-3781
-3781
3280
-3704
2195
1061
2102
2458
1219
-18
398
-171
-3778
-826
-1668
2361
-3639
1169
3331
-1375
-2410
3753
-573
-3047
262
269
-77
496
2897
54
-172
109
213
1395
3971
-997
-61
-3115
155
149
172
157
197
187
172
169
211
121
-3815
138
-223
581
-22
-257
186
-2442
-1
245
584
-3678
384
147
211
-3923
1380
-3683
-898
284
-307
101
101
101
60
-156
612
81
598
81
3580
-257
718
2181
177
-297
85
2280
3512
-59
707
-166
-276
205
520
79
-84
405
-730
-444
198
547
-96
-157
219
-1912
-2809
-2369
116
86
223
-462
-84
18
1550
48
355
1564
-3819
410
-1764
-273
-7
-50
2404
923
292
-3232
-3929
2215
2750
3539
221
157
-269
139
338
150
677
-1860
171
8
381
61
619
407
203
916
318
1901
366
38
-715
-41
-56
-75
-91
453
-151
-57
-2866
2122
-2716
3443
-3229
2416
52
1799
735
-2001
-109
-3277
380
153
97
131
-416
179
823
265
-128
108
-36
-30
164
1389
154
-3463
299
3388
96
-213
-20
-324
-302
166
-146
175
-458
-89
-1011
-53
399
145
-38
-1664
-151
6
399
-113
257
124
11
-64
-2767
729
-1909
1598
328
1772
437
-189
304
-100
89
-1367
914
-180
-446
-29
-2812
3999
-471
68
255
-12
-1028
-2746
118
264
488
-32
224
-56
71
-3985
-99
-97
-3
-1492
1431
-86
417
126
-3975
329
-99
-62
606
0
242
29
579
102
-88
-3582
2331
-276
261
-658
153
1527
-13
-2492
755
54
-98
-31
-44
610
-927
189
199
226
91
-231
2631
103
-650
-233
548
20
301
11
-10
205
-102
273
-2680
2557
-843
151
-80
250
245
-188
74
579
544
204
435
-287
-3997
101
211
230
493
-123
-303
-1068
-1068
-152
-397
278
-279
771
1123
-135
-83
-87
965
139
-709
420
22
338
-95
-52
-28
-3238
68
-51
-1947
256
148
-103
41
429
657
87
-32
-200
1359
-186
324
229
-72
15
80
1421
-39
2922
-1134
-38
-43
427
237
-895
195
900
949
-1916
-787
60
-2534
-348
-75
-199
2386
35
1846
355
-790
-47
611
126
-1116
969
-332
413
655
128
-85
-191
2680
-17
25
86
195
52
-321
264
242
578
1100
324
213
813
-42
-212
-87
-3922
74
-111
222
-111
-99
-3548
615
475
345
2265
861
-488
231
-42
-45
-2890
21
-1253
80
-38
-3819
-44
29
3942
197
223
-110
143
115
-856
133
3972
3474
1611
-112
-798
2602
323
-453
-131
894
75
903
-112
-180
-18
-86
527
1739
295
-99
337
-691
-229
-27
-264
-645
276
282
-2760
356
3238
65
-296
-28
-3499
681
-137
114
-31
884
-190
2896
396
3231
-2423
-244
3271
369
-304
127
394
372
86
29
-3330
-106
26
-106
-42
-2948
1359
178
-118
2239
1163
68
-152
4
189
1199
1799
1702
123
-287
180
-118
-19
36
152
-114
164
361
1361
-1932
3477
661
-59
3072
95
-334
-794
383
3538
-11
209
246
-106
112
-510
443
24
309
483
-602
-49
-834
476
223
444
-95
146
-35
-3395
891
3946
-4
-2257
2495
384
91
223
-207
2467
181
328
234
-76
-115
194
-34
272
258
-41
-936
-34
-181
989
433
-282
54
206
341
246
647
336
592
206
-215
301
-113
-1255
-76
-153
145
-60
142
1879
306
291
-512
3156
1373
72
-235
10
-46
587
-25
-822
-29
604
-45
-108
801
1527
274
-76
58
368
-2
-3609
-281
21
1807
-198
413
-110
-127
-3912
2330
3746
1153
256
-53
-47
-2
365
560
-1891
1089
-24
31
-108
-70
-75
223
3750
89
-3582
-194
831
432
-2557
403
384
-3983
1172
-54
519
-404
-55
374
374
-178
-41
2042
86
247
368
270
29
-2455
183
-223
3254
-197
-3378
-139
-209
-32
-26
216
-123
-37
20
3316
88
602
624
461
429
17
-121
-296
230
-166
-2805
-948
22
-21
-121
-545
409
-203
-722
175
476
1977
1314
-91
171
122
-2112
3063
-172
499
568
55
-314
-3847
-45
-116
-75
-371
-644
-63
-76
-905
-24
488
1868
-426
-3698
-90
184
-162
150
-19
224
-10
-50
-249
204
916
-67
45
-643
223
148
-112
1365
-623
428
-563
-2205
569
376
-180
95
103
1365
-844
336
97
-478
-127
16
67
165
-302
316
-58
-3455
202
-472
202
-120
1469
238
3797
-108
-89
1172
868
337
135
172
-21
-171
-112
255
-51
-70
12
378
-64
-68
661
-113
545
-60
-5
215
94
-111
-3181
400
42
775
346
-3629
-16
-171
-67
221
-37
619
-65
221
-533
4
-225
2765
-1194
222
405
-653
-186
-44
-139
-9
-235
700
-852
-128
227
3044
1931
3581
158
143
-452
363
3954
2555
-414
235
595
701
18
3004
393
442
-984
460
-35
52
280
578
564
-114
-3836
8
7
380
46
311
2165
-231
102
821
90
-402
217
592
224
-123
428
395
14
-78
-171
90
-109
148
5
-13
-481
44
-353
2953
-122
1457
153
153
-92
1334
96
268
1741
220
-5
713
-2583
-195
-144
475
194
194
603
7
-389
435
4000
167
117
187
13
-202
174
683
-35
159
-2750
575
-1086
-1109
-136
-96
-91
-24
934
269
413
-491
39
-33
357
1314
-3355
384
266
7
-124
-85
1173
-66
8
-336
5
923
-684
312
474
409
54
-123
12
-98
-98
-2
-3697
865
-251
-37
-25
-140
-120
387
-3433
52
-1967
1082
250
278
-111
238
83
-392
164
258
400
-186
296
2505
-75
92
-21
-456
-71
415
415
-436
12
22
207
1798
-44
-146
-13
220
79
314
-329
3130
119
833
216
2566
-110
479
131
2446
12
77
-2863
-78
147
-3307
730
99
-525
2369
-80
-15
-2897
224
-548
65
-13
-148
-81
129
24
38
105
121
167
-83
-2232
-24
-16
98
-1099
-2613
-36
2578
342
3009
-1468
1416
-201
-80
428
131
476
322
-87
1369
-29
-79
3299
281
244
20
161
-47
-438
-54
1443
1815
192
-394
26
-301
1029
53
-3149
1933
-1270
1675
1629
2030
1829
1812
1797
1817
1796
1711
1651
1843
2057
319
215
264
256
1836
1959
1897
-3802
1829
-3934
1854
1842
1846
1810
2087
1825
-70
6
2087
2143
2318
2054
-2887
2035
-2142
1743
-1904
384
1771
-3148
1832
1788
-3205
1853
-1524
-2747
2425
52
3426
54
-21
-128
-139
-26
-49
-2426
-146
2997
-56
7
-56
396
-3724
275
-222
-42
-159
-163
73
-2983
1368
269
27
321
408
-51
226
-3974
0
22
2566
-1013
-3837
-452
2918
2939
-2156
136
-89
-111
-398
204
-59
10
122
11
-190
156
47
-142
-422
26
-374
288
96
193
465
158
79
448
217
133
-1795
105
565
-3102
-4000
235
-79
350
-18
-977
80
-63
57
-4
82
-305
-2388
-66
202
77
105
-86
238
100
582
910
91
-154
-49
90
426
88
-2732
-1095
149
-3044
-75
181
1493
624
271
271
-3797
2747
-25
-2300
79
49
391
170
210
213
306
-10
656
-11
99
-1098
-120
1027
777
-79
-1177
-17
14
-2833
84
58
2061
-1144
679
498
-19
444
223
33
-575
-84
-81
203
-84
317
137
213
-119
176
2152
-980
169
-3286
1
512
3682
-158
2432
-251
428
50
59
-83
-221
365
-47
-57
515
-34
-591
-87
238
427
-3639
-1195
271
16
482
-33
-3460
-664
-85
34
18
166
7
-87
-3779
55
208
-362
94
-55
6
1066
31
33
-175
50
150
1269
22
126
-82
-66
49
-108
-138
16
88
1521
3507
315
-478
77
1
417
238
1412
-2515
291
98
-10
-20
757
88
1962
174
-85
24
285
389
594
234
84
280
7
346
66
-495
471
149
237
274
3408
322
740
554
2127
-36
563
2310
201
-3789
-526
373
267
-64
52
81
723
207
108
-3635
174
-79
-77
18
-1246
2226
803
-3026
403
49
-2586
-492
-689
-37
-195
-1187
275
1323
418
444
-76
211
3990
1403
128
81
495
3792
-106
77
179
203
-46
-1152
204
578
3091
-219
-160
394
-159
2784
-104
107
-3660
-16
-236
-191
-549
-726
530
270
1736
312
-494
-58
-13
-129
323
974
-16
238
-58
238
193
193
-39
-884
-548
-1019
2550
1151
-431
63
-2395
8
8
8
-90
297
-117
-104
378
-2349
56
484
-2543
-2808
-1899
-155
17
-140
-1596
-242
82
2557
-245
-107
154
-198
2425
-42
430
495
11
501
77
452
266
281
-65
-1
-5
-407
61
244
54
-201
480
-195
757
238
-3640
1841
2504
510
-7
-1938
436
143
174
603
-23
-80
-99
489
7
-2704
-2597
-236
-28
-2181
1965
-1862
-2615
718
651
617
-108
97
-2559
-3759
263
-1311
196
206
-1849
118
190
-409
177
422
-443
100
3062
84
105
27
-1768
95
303
190
-414
97
130
96
146
115
-1081
-1627
-106
872
3357
291
2928
1627
275
1493
17
779
-971
-127
-418
-380
169
260
128
-2644
3811
-434
-32
432
-460
-2222
1977
99
177
177
-423
230
2997
3983
2092
1415
138
1326
-2153
206
-447
600
-102
193
-2753
447
51
24
3983
270
141
-3767
-14
128
275
-81
-199
-845
620
-741
1389
1093
-119
392
-420
17
49
-3968
137
199
34
4000
326
1616
997
-2525
177
-869
200
614
614
-26
189
-1006
-90
-556
-42
18
411
163
519
-77
-3059
1088
-68
1794
3384
-289
-266
-266
-225
-205
3192
-140
822
588
-2818
-260
-1739
-377
-24
180
-2598
562
209
173
-26
152
-1763
-20
-1763
757
-27
1953
-3303
1479
811
3087
-48
165
13
2044
194
-191
21
-11
-11
-2545
-25
-10
-1458
-119
-3548
-1458
429
176
-2057
-108
-3519
21
21
-1898
3520
-68
129
-130
677
678
-307
-8
1
51
417
89
417
417
-209
-5
-3993
3588
944
2560
426
-3093
-3643
-3643
-1051
1437
1503
180
2198
-2536
1377
124
-2990
1545
-3800
-1509
-2119
152
1199
1877
1563
1877
1911
-68
-68
-464
-885
-30
201
3669
3669
-2497
1501
-2489
2135
-793
359
-585
3995
164
219
-433
-21
-3936
3560
-34
-3454
36
-171
221
145
-543
-2127
26
357
789
92
-52
3813
191
822
184
526
-168
3445
-241
-123
637
93
-129
-129
-138
-3132
275
-2209
-87
-40
-71
-1451
236
118
269
188
214
233
-81
254
-116
-156
759
374
-1195
-3441
-1
-3702
1608
-27
391
-3441
242
-91
90
-2886
2616
-96
-197
50
-11
-160
-110
1844
1324
93
389
95
-56
1425
85
339
85
-103
351
15
775
175
-59
97
1684
66
15
158
-34
17
77
-77
137
-2773
260
12
5
-544
-892
-2171
-30
2525
4
267
-2595
1585
117
-135
632
-3162
3864
370
162
95
3969
76
-973
330
-1042
-515
154
93
30
-1624
-6
-2835
3071
3071
-2408
-591
249
424
1728
-889
-76
-1260
233
-53
274
261
67
18
30
-355
120
36
-347
117
41
485
-25
267
187
152
-22
-26
-2179
-84
-20
455
-241
72
-95
-86
86
-21
314
3
1719
2204
9
1466
-187
-3534
-3976
3847
-645
-3
159
559
-2192
-58
143
0
247
-3021
-1905
-170
77
-63
-49
33
170
-560
367
382
212
2218
1999
8
1931
366
368
-19
163
1164
-2236
41
-159
263
-3261
-50
3358
423
714
-2420
-607
1142
941
2124
2868
-1956
205
46
-98
-46
10
-3269
-3264
-3319
-3140
-4
-3599
18
-768
334
341
-82
-27
-2088
3696
35
35
-3502
-98
1085
-8
1520
1372
-197
0
1
186
218
-36
522
74
81
-931
1017
-392
-1448
-173
-71
912
142
376
160
164
1059
-1
45
-36
80
465
-29
-76
1042
341
-10
360
340
-2649
439
519
-3657
199
99
108
-2858
-65
-75
-1128
85
269
202
601
779
-330
94
144
-155
92
-681
284
-197
1602
-2205
352
238
-339
11
-8
201
-154
10
-32
149
628
-2949
1119
-12
-9
689
1089
-2044
65
-1107
-3499
-1138
-41
-41
3266
525
525
30
-75
-84
271
94
125
-167
230
-46
562
-75
-61
747
2324
-52
84
226
51
102
445
224
100
450
199
146
-113
1864
253
282
-246
192
-53
442
204
187
426
-87
-2
-257
320
400
-100
-51
264
-3904
-88
-10
-160
101
3
-92
-1624
61
-150
-23
526
-374
186
-1553
311
-121
654
25
-227
-140
-1
21
-888
400
-113
-142
-69
-349
682
-793
869
411
-1186
277
1031
-241
233
679
-227
-33
119
261
-570
285
615
188
-167
48
-223
575
572
2860
350
793
-90
-67
-3461
7
261
224
453
1967
-1295
-1601
58
336
-186
-23
182
-64
-54
-670
181
300
397
-108
-77
-2781
607
1008
179
-136
1307
-3352
-58
1927
-1458
413
183
-87
2230
392
89
18
-119
-422
529
87
193
1148
-98
-176
415
-79
-56
141
-77
188
-3537
3677
3333
51
669
-3306
-143
85
1903
-2435
1351
2008
-207
-120
104
-36
-86
-3695
-1597
-5
363
-91
373
318
-1822
-3030
-3103
-1460
34
-30
-91
820
-1045
149
-153
-1600
-47
-222
-134
-26
421
125
237
94
-332
110
425
136
-31
-3797
201
-3400
-166
-3
-25
215
1
27
-150
361
759
459
-83
1260
-58
-17
-186
94
-86
27
-138
108
326
277
-1169
35
1430
262
-572
-151
-425
166
202
53
1712
50
-64
379
484
-14
124
-502
10
90
-74
-3169
-86
-48
-121
-53
226
294
-2903
-3194
-176
37
-396
-202
134
-1982
285
175
471
-110
1272
-2926
-387
1556
-1921
26
-3924
20
-487
-3050
816
81
-167
1655
262
-2210
89
-180
-2310
-199
-2926
-156
262
-100
-593
481
-154
-58
-3725
-157
-25
-64
-186
57
493
-1535
-105
-969
-155
15
-1374
137
-110
-123
527
-155
513
-1317
-36
126
345
362
-158
197
3199
-59
2973
264
-21
311
212
-447
-3701
-3279
952
-109
-1807
305
-58
302
2733
-386
234
872
-1978
147
-251
-349
119
758
197
224
-283
3384
-3992
433
-1975
830
1262
232
1349
-36
1676
143
-3288
230
107
4
-2660
-87
-397
299
-59
-243
189
338
-2116
3743
-2293
-590
1329
-568
936
-107
-1269
195
109
-488
1326
-212
-446
-23
-2821
351
132
332
49
-47
1277
192
-160
-26
2495
-303
-26
3788
184
86
-131
158
96
49
-2383
-3006
53
3779
-3503
271
-293
-105
121
21
201
-3752
250
24
-2999
214
17
2353
107
-4000
-1409
3031
165
-173
24
139
0
384
217
153
98
2371
611
53
-214
-2040
1901
268
148
-502
275
124
-471
-25
14
125
126
-56
18
-141
208
-19
-34
-423
57
236
17
189
-3317
368
-62
-1361
165
-403
113
867
-118
-806
-377
258
343
82
196
337
-754
3600
-145
621
-1661
765
210
2845
142
-828
390
-1
2069
1456
558
-21
-6
30
517
1490
18
1021
-2816
996
-3027
1398
-96
153
-30
10
-42
177
17
426
129
206
947
61
632
-81
269
108
-104
-176
243
6
351
734
-129
-100
-2047
-31
-905
-99
72
-3985
91
478
-1054
105
-3513
401
3980
2996
-198
358
3789
768
663
378
3502
-9
-92
627
-339
114
-171
2625
41
614
-1990
275
-80
913
-22
-3399
455
-41
146
3392
3392
442
-2476
242
102
119
3994
1317
-256
11
71
-20
-351
-52
-96
-59
-321
-3364
-429
134
287
-111
-60
250
265
-46
269
-102
388
-1202
664
2305
-85
352
57
82
2376
3609
-59
2031
1133
1745
-233
-108
-107
-108
-171
-181
241
983
218
23
-68
262
1094
-359
-25
-2539
110
893
385
-262
-262
51
125
-99
194
208
156
240
208
0
-3990
1604
-436
-94
25
-3724
-327
-174
737
78
-23
256
83
-250
309
348
-561
332
357
87
49
-90
54
-53
3407
-21
-38
84
1855
464
353
259
58
-32
187
989
1637
-117
87
413
1268
-2
12
1695
23
-2694
3
-44
3163
406
-106
3970
306
2324
246
46
-353
-12
-3758
371
371
63
-86
166
312
-20
-147
-829
168
245
3731
525
1167
465
339
186
196
300
326
286
305
344
286
317
284
1775
17
20
99
99
2767
-25
-244
-15
-15
-329
235
110
-1358
691
-3427
-561
-349
1161
161
248
-7
-111
303
140
-20
186
83
344
-579
412
-51
-460
-2931
145
10
3974
-463
88
-109
-21
-77
-2071
-2
-112
677
120
-135
231
333
158
295
138
204
173
-356
-37
3846
268
-9
-125
-225
67
-90
253
-20
-25
-3887
2270
1303
-788
-15
-187
-253
1290
646
-511
157
-3918
-95
-3296
1346
179
2263
75
151
-39
532
-3040
8
-1727
974
-115
-104
207
-837
-131
-105
415
107
-55
-82
130
-36
55
104
-19
-33
84
222
-84
-75
-9
299
-120
-23
714
4
-390
279
-1111
414
173
-28
-326
223
-2762
-3181
3631
49
262
-193
10
-1075
323
-172
-2901
-1148
66
146
-394
-100
245
-82
-82
-9
-2681
198
114
-47
269
-1677
965
3424
37
1499
158
440
-148
60
58
157
182
-51
144
-31
2060
-35
-29
238
64
-440
238
60
238
-73
289
-163
179
294
294
130
1772
-21
-1630
-3793
321
41
-3921
164
23
-248
538
-61
-808
16
-342
849
-318
427
-2908
10
-580
177
572
261
1425
-416
-172
-1479
1374
278
1927
-1883
-345
227
26
16
-579
2471
-52
-3967
69
45
-82
9
81
322
57
-1183
172
1567
-1150
40
91
91
102
-2704
2793
50
-116
2636
46
-1818
-1083
417
-1002
-129
482
-52
-42
-857
80
452
-76
-78
13
-4
-35
-91
-164
-23
-55
-87
-776
2643
-86
-86
-460
474
-3671
87
-202
223
121
-2998
30
-110
1
-374
-86
-81
-58
149
-1658
1600
-248
-83
-3246
-67
583
1895
481
2427
104
457
-206
-2620
137
-20
-1645
-404
-3552
250
-252
3710
-37
-259
-283
114
-12
-3759
87
-396
826
3996
-37
118
283
-77
-4000
1298
943
768
264
-111
-1419
1216
-121
-125
-10
-65
-205
-271
14
-65
208
48
461
681
227
-44
1282
296
326
-64
178
2657
269
-2270
1535
1442
1688
187
2642
-86
49
1670
-2507
326
179
-247
1555
-146
-2809
-7
-2375
-2187
7
384
3997
129
-399
289
3955
-65
99
-3052
-3283
-269
-89
-53
-118
277
524
45
1124
-77
664
193
192
-225
196
184
193
189
-53
-62
-1523
-815
1651
1123
183
135
359
-420
-13
-2397
-36
-70
185
1123
-23
184
-1431
322
191
817
22
25
145
191
254
-2515
2669
-125
-12
-81
256
-16
741
775
1798
151
2795
3269
2688
199
111
406
2631
121
2501
15
114
173
-60
-38
-35
465
-909
-499
-909
596
247
-116
227
207
659
-72
-87
292
181
-459
124
484
-87
-138
443
1579
179
105
-241
42
349
3824
125
2341
529
-1995
-2178
528
2859
3254
-648
-1962
-2483
-3712
-2915
-3188
591
217
963
1114
-930
560
2453
-2977
578
820
32
3312
3514
-24
2296
-3029
705
2514
988
988
756
531
266
114
-5
-117
-337
-170
640
158
-2558
-3228
1058
116
3465
-126
3370
-80
57
-113
40
131
-2407
345
253
-311
-195
286
-1139
174
-549
-272
135
172
-590
-518
178
213
296
219
2608
534
-98
-9
490
311
-387
64
125
1013
93
150
-2126
195
-916
-3723
2638
743
3138
3970
28
-152
-283
4000
83
3500
113
135
242
-1652
104
-46
-2615
-3174
181
59
1243
242
-459
-2965
93
-24
417
23
855
-819
-111
-399
-87
-73
-101
63
-94
-2121
4000
-83
1389
-1230
-3078
-879
-269
-3996
384
334
-198
-58
2541
475
-3892
947
50
-263
104
-129
683
245
417
3126
-75
-3239
-3746
-3835
-278
102
-922
387
-75
-543
-1
-916
100
-2172
99
-330
76
233
-816
3085
-13
-3848
161
565
-3680
-1115
-2738
-2738
-1937
-2597
1157
-83
-55
-88
265
-1024
-46
154
116
-1927
-718
100
-1199
399
-63
-63
799
-89
3463
117
-111
-26
-30
22
-202
-69
-160
-7
-3843
-31
-7
1334
329
-81
-62
1474
145
-429
-205
296
322
-40
-62
-89
-56
6
-3967
-1851
-36
127
3797
-3980
-13
-108
-100
79
1172
2174
-67
-28
-247
1258
637
2
6
2226
1922
212
-104
2861
156
38
3198
-376
130
-286
220
-26
-39
-69
186
-144
81
-164
-691
114
86
-447
217
-2056
-753
320
408
224
3324
15
-40
8
532
-1002
222
16
49
52
3379
1076
1166
3378
-28
808
-2106
529
-1332
-808
-115
532
-578
-931
771
284
2194
2409
-2913
-2
90
-1471
118
1522
52
81
1998
7
-1935
-80
-112
3905
-134
70
258
-3995
-25
-127
-1264
804
553
-412
-135
249
431
370
-194
-11
140
3030
155
21
334
-866
-379
246
368
-1317
-199
109
434
-149
29
1265
1049
-115
94
-19
112
-165
-29
39
159
-367
280
-1192
-296
-67
118
8
35
-3487
716
1601
2489
-3832
-37
-701
484
-967
489
4000
-73
10
-2922
-636
86
128
110
967
-233
-269
-27
-2935
-47
379
-417
320
-113
149
-28
152
139
363
-302
-1193
3321
422
-200
-176
3303
766
359
183
-5
-30
389
-1103
281
248
3613
886
-3380
-107
742
104
-112
-1162
108
113
1380
-208
-96
444
2193
-99
-184
-2684
295
-7
3
-3735
1045
2104
175
2713
-44
-49
84
166
-104
-413
147
-128
215
89
94
-3171
-45
84
-123
187
-35
431
-107
307
449
-26
-173
-5
2491
390
-305
3392
395
252
20
39
469
474
-1368
-2679
1323
3440
-35
-2239
195
283
-689
-689
9
-18
898
-66
-2180
-80
-558
-3443
-19
-3098
375
-3365
2021
-1300
885
825
675
-1192
-172
-27
244
-3675
580
-262
95
-187
367
-53
-1428
457
-106
-80
-80
-3924
-86
1546
-128
223
-3275
-108
327
3108
-3174
-434
34
212
640
2234
-491
223
8
503
117
-56
-58
2127
-1836
1491
179
3888
32
-45
267
-2245
1478
18
282
-406
183
-36
381
50
-205
2298
2477
94
-1732
-90
112
338
2087
3069
1102
-88
-104
125
61
119
61
305
-15
-91
40
162
-206
-2302
-2701
-91
449
1915
710
-852
-44
-73
702
7
259
-3687
55
260
-2085
-35
1003
2
324
-1102
97
260
498
390
-234
-112
25
-349
315
-51
303
-16
141
253
224
340
-93
-54
-10
485
-142
-56
199
-36
40
288
9
165
-42
-6
-131
397
41
761
226
318
1424
-2310
-90
259
-135
-228
738
1437
273
484
-650
-83
67
526
-122
159
77
-472
-1697
479
-939
217
3042
423
24
148
-2931
-637
241
-107
-179
23
-2204
-436
142
-6
-350
81
604
1562
3305
-139
144
214
298
237
-483
181
-941
92
1730
-2598
-54
2636
-2046
62
50
107
360
-740
196
-121
412
-195
-423
130
247
1390
804
415
152
122
127
253
-165
258
186
110
180
1064
1585
-926
184
2258
624
337
-10
-51
11
-110
208
-69
153
-258
-347
-430
1838
163
1527
-2232
-2859
2703
340
299
46
806
6
912
912
593
185
3599
-42
2783
-2592
94
-108
1800
-1743
-132
250
-57
-371
-55
26
-94
180
1509
192
3924
54
420
-178
-60
3824
27
96
-3461
-944
839
60
3884
3322
1299
130
2452
1460
84
46
85
81
218
1617
333
-156
2873
101
269
-110
2408
-543
94
118
358
3770
515
-104
-1953
-1739
-1500
-829
-829
132
-277
-63
-18
-5
249
-98
2537
1588
179
-549
132
69
-215
83
174
-116
-162
-100
269
-83
238
241
-90
64
-1217
-3748
744
-1608
139
27
21
3894
185
116
455
-807
126
2659
53
-221
292
-474
2750
-806
255
255
-2707
-397
-53
-188
3988
182
-45
-77
-80
260
-3447
-2245
86
1434
96
-3495
-274
80
-160
1909
218
81
153
2
-349
-16
-86
269
-156
1220
3855
859
2530
262
-226
678
1555
2373
1244
38
888
447
-603
133
3906
19
279
-16
-137
368
89
-77
-455
708
703
51
13
-2807
119
162
373
991
-32
-1827
-101
175
314
-66
3984
160
131
747
781
314
-996
152
3159
162
295
-148
199
-227
-27
-103
244
-54
-242
153
381
-75
312
-50
-97
151
1975
-166
106
2383
-542
190
122
-2269
-2346
2182
217
217
44
486
461
1929
-708
197
178
81
19
-1254
2704
1375
50
1
3959
1287
-101
-28
-63
1909
-1888
57
-235
-150
52
438
-58
-105
51
102
-445
-701
1068
-19
105
405
33
-20
534
-88
186
-201
90
-5
-338
-3989
660
227
-486
-40
69
-77
-3057
2900
-5
52
85
125
125
-2813
546
1311
515
3864
-75
1
304
-3032
7
302
-21
-634
-12
222
3640
57
1308
3990
-41
-111
1912
-852
293
-587
135
-195
41
-2790
-2721
59
130
-668
385
3985
279
7
-312
-2786
277
82
-60
-109
-212
53
188
215
-34
-42
51
29
29
-530
-127
-1811
-2195
673
193
-127
3926
1905
-108
-60
516
-2784
156
-3924
2293
90
847
-36
607
-22
394
3762
307
203
-28
199
-238
-29
657
-153
-7
-2548
484
-47
888
-9
-153
603
-1050
-1183
31
420
1262
-881
-2966
2713
1023
670
605
254
-132
-145
429
-3
-50
-187
1726
1
508
207
233
-606
422
679
-26
575
2050
70
-227
-25
-10
-63
101
-488
248
1870
-1392
-57
-31
292
592
1386
242
-206
364
-32
-1949
20
273
-2877
2028
-251
635
-79
-539
491
-114
635
247
218
35
1898
-1882
1179
1697
-92
-129
1225
3457
-82
107
-91
-2918
166
-692
2309
-50
-560
-44
-3661
-2781
-812
2761
416
-3
-19
3909
1239
-56
754
452
81
-46
3783
1082
112
-257
143
58
103
-161
52
681
181
196
339
-41
-75
417
3105
1861
302
45
82
626
-1142
-42
384
96
156
242
174
448
-113
-92
42
-463
62
104
20
1240
-18
3213
704
1164
-100
215
-11
-116
467
-29
202
-43
227
171
-568
-1792
-26
-411
167
2176
203
-83
-83
-2
3215
385
-635
3554
343
-2318
635
-156
386
-45
-2710
200
202
175
1496
255
-83
117
-39
1132
-768
2392
2239
495
-260
116
-362
33
-36
67
13
-251
329
-270
31
-82
283
-58
2533
357
2274
173
381
123
638
115
80
247
2342
-186
205
-325
-465
158
-180
8
0
-22
-167
-3464
-84
-208
-85
-93
6
-20
-46
13
-43
-163
-389
-13
61
-157
93
994
292
3831
-26
-2923
-2359
693
128
224
152
-1893
57
103
-474
526
137
-3915
72
85
449
96
222
47
39
-264
-65
-3025
-2111
167
617
-63
107
-2367
79
134
15
-148
118
8
-63
-9
292
383
93
157
-289
39
-2
715
115
34
-1747
-67
576
-45
-18
410
2791
2622
16
-10
-229
-105
18
-105
353
-35
-67
309
19
109
-275
-191
-41
70
115
-859
80
359
-30
502
-265
20
279
-72
-625
520
-181
-32
530
268
3823
234
-284
470
-635
-3
210
85
96
-56
-12
166
-45
-908
1638
-7
21
-844
1457
-3477
146
101
-43
229
-571
-466
67
-20
-109
-18
201
-51
-107
198
508
242
-1
-79
-42
64
252
-237
-15
333
-32
-1033
-65
94
35
297
-528
-27
1674
818
-1011
-3
-36
521
703
3983
413
1529
-164
-435
170
-18
81
248
-494
-37
293
71
-352
168
-94
6
2199
-250
99
5
226
-232
3252
75
282
-1229
114
552
-3576
27
152
-117
29
366
316
221
3
-77
52
2
1372
236
339
-125
-3727
349
-2114
-712
659
-79
14
-355
-1018
46
-428
457
-2922
83
-2452
83
-76
-61
100
-223
77
-169
-108
-160
143
-216
-74
270
-205
-3614
-145
-9
76
-62
146
949
-497
153
45
59
-3343
-310
-95
-497
-3165
471
7
2320
2551
2639
2616
204
3828
3970
197
-953
138
1574
-117
-177
-1973
-3442
941
494
27
-179
53
-116
-1794
2601
302
-473
301
95
-39
-39
-122
-114
145
2843
257
219
111
-185
-27
-816
332
-13
2991
-2628
2854
23
217
-41
1638
946
726
1638
-3121
1288
-134
-134
-96
-8
-325
-3119
-3437
18
12
-601
-2266
-1216
638
-3567
0
1725
11
2054
3998
-1744
337
-14
99
158
-610
287
604
-668
256
1136
3131
-330
179
532
157
-213
1189
-1492
-2961
-3559
347
-3727
3993
2
2878
1094
147
318
-246
5
-368
174
-835
-1329
1223
30
-34
286
-307
121
-109
2218
150
-227
-432
-2819
-542
2428
-590
-2005
-514
-3933
95
86
1733
1
1
-70
-110
61
-133
58
3078
-2380
960
50
50
-35
-2181
593
2368
299
141
-490
1
-353
3039
128
176
388
279
227
-77
245
110
288
41
-204
-3499
-3861
-111
147
291
3663
-1384
-3083
640
-49
31
-383
193
220
-392
261
-37
-209
-159
-243
-3152
-160
3286
-2208
-11
-2680
-51
-2717
135
272
-274
-56
146
-2608
161
-3158
581
443
113
709
391
256
392
779
124
1
435
-3314
-73
441
-3207
-1155
-87
-121
177
347
-156
121
-8
124
313
-107
1876
-2691
411
258
2306
-2682
177
370
-87
-34
-159
-86
189
-110
-535
-381
2991
-43
-139
-67
2356
709
132
1747
1817
636
-984
1047
-29
-670
220
6
-40
-636
-56
49
113
-4
-30
10
670
-47
24
-26
-26
-20
300
-872
145
346
-215
-818
80
239
-3979
-89
3407
495
-228
2377
468
-2104
270
-64
529
227
-894
988
240
1452
-3864
-1803
-37
-245
-43
-75
479
138
36
-88
-80
1197
-108
-225
366
-148
88
-619
142
-1308
349
254
783
173
381
94
-135
55
137
53
258
-157
412
-49
-571
-2833
-574
775
1003
221
14
133
17
206
167
1337
1917
284
315
-3577
-365
3576
52
-215
61
84
134
-1207
1646
20
149
142
78
78
1456
58
-82
592
71
-55
-967
-1188
3853
55
-28
367
440
146
568
-283
-51
3208
-286
930
-322
362
1319
1672
17
5
-1517
170
-41
55
-114
-420
272
-81
530
58
444
-647
-30
-37
326
332
104
499
54
-91
1642
1313
871
-1553
-22
-18
239
214
-119
-3475
234
260
287
1256
137
-690
-115
259
145
72
508
60
1732
-493
-859
-847
-32
-153
94
93
-61
748
325
-27
-74
80
2035
-64
2533
-486
-120
461
484
3215
187
684
2706
-139
-3092
904
-79
-2757
3708
1013
-1187
-65
-87
-113
1630
-2676
-23
-7
204
-137
3457
-3444
11
18
-47
1347
221
-1251
286
-138
3905
1744
321
-2675
116
-2538
-97
166
-699
-1747
13
-34
91
-268
87
151
585
-1773
77
102
-829
304
1016
88
312
-89
2437
372
421
1180
222
-106
-3939
-43
69
-78
-79
3123
1262
-1014
1740
-74
-784
-120
-2166
1920
208
-194
19
3062
1323
480
84
-714
104
263
-2800
-3341
296
-587
592
-34
2808
120
-749
1285
30
300
1527
3310
340
-3353
508
-85
-2574
-401
2975
199
83
-110
511
-105
-121
-1765
-130
-130
-492
194
85
790
-54
225
1068
185
6
40
89
37
37
207
-2799
-58
471
-7
459
-191
95
235
-1242
244
706
595
534
2477
530
2133
-43
-14
683
587
1865
503
-1766
-61
208
373
46
-81
-61
577
1124
539
-187
1277
-1492
-14
-129
182
164
365
1482
-1984
274
80
-259
215
-49
467
-1339
396
-740
514
231
-478
224
-1641
595
595
3003
-84
499
8
848
-368
-116
49
25
-173
104
-131
2005
562
-1016
-8
-25
-673
471
-368
170
493
242
-2486
-3889
2353
-54
92
-87
-231
247
76
-91
787
-2514
754
-3960
-89
-104
679
-2899
452
258
328
343
330
-404
166
3910
-39
299
229
190
34
299
-30
326
3457
181
-425
-546
-180
224
450
-1309
-2358
391
-1421
586
303
-7
-501
302
126
1005
692
483
311
237
3225
-2471
462
-86
-226
1533
-50
-21
217
60
520
-50
58
142
-114
-87
-18
440
-733
1668
-1201
-48
155
-113
24
-86
-40
1799
-89
-110
280
212
495
445
-50
150
-735
47
1090
-159
-114
-268
-2
-140
-61
2173
-627
182
-2702
2575
3908
1022
421
51
-239
632
-1242
225
841
-142
-254
1049
3275
-1324
-2261
-19
260
-3959
-82
-17
294
292
1071
293
-373
290
466
101
-23
65
31
-886
-4
-3175
477
-1131
166
-12
188
184
1018
896
-112
-844
-471
-1936
2512
-218
1869
280
234
-169
56
46
177
-239
-103
-196
89
942
-1875
-74
-109
50
-67
-205
-205
-3996
-87
-3838
233
-74
-2939
2
3449
539
-195
-280
3564
-143
52
-131
104
-6
3567
-144
-15
935
1548
-75
1690
-784
-1792
1253
-113
-87
-3786
-367
-329
-632
-1
-10
-777
598
-43
186
-333
-14
-288
58
-87
3943
-393
-4
-77
-700
249
-28
4
-66
-3041
-3992
113
331
-124
-124
-258
355
120
314
-792
-81
401
62
2848
156
-535
-590
-501
95
-15
-15
-2289
-929
343
2800
867
187
514
801
-2293
467
523
929
3987
513
-86
-39
266
1983
186
