-6018
1455
-1527
149
-5722
5347
68
6042
-581
-3588
5496
-514
859
1256
5095
-2021
-3309
-242
527
-17
-101
249
-453
34
-702
-172
29
211
-6449
-353
3384
139
2
1058
-241
-278
-5654
4030
390
6364
393
6521
-76
-159
-233
8
-2532
3
108
129
90
-714
-53
-705
112
-6508
95
-143
1073
-98
-3124
27
80
4893
1386
206
-4864
240
-551
262
-224
-1432
-2939
728
3523
-2137
-474
6547
-90
24
-151
7613
185
-762
318
133
-26
-5354
50
958
-52
-2414
0
-5235
132
332
334
-600
54
1538
97
6695
-6622
669
-431
258
454
-6902
3303
-26
5563
117
187
-4820
-38
-33
10
177
-972
-181
225
1407
200
-137
220
2304
-6575
-425
243
24
-1035
-1813
118
187
-33
-372
7325
-601
3362
-5002
-2149
-42
-80
130
34
199
370
2473
-24
-165
160
-125
553
-147
299
378
-316
-17
249
199
-2628
-4396
-203
-2247
699
-3395
461
-7545
-2
4217
213
103
4416
-69
-214
-1972
-447
-2
265
5
-145
-22
-2557
3
-254
545
-470
114
-14
126
51
265
128
911
102
645
-7571
-583
-1184
3579
5960
5755
333
-119
-175
6240
294
-1685
163
202
-4728
-5
-176
6097
6789
-5986
-87
-2547
145
-58
7235
148
7991
1819
-7
129
482
1954
-40
4986
5144
-33
137
5538
355
36
-21
336
-3265
-83
270
46
31
113
6
18
-6237
1682
6827
-104
-22
3507
-17
155
1885
-284
3887
117
699
-5293
16
-54
-6
-225
-121
-103
-245
-414
253
253
54
6
-91
439
185
-5160
-3
5343
4137
969
-41
990
746
-922
88
1092
-15
110
-193
377
-362
7046
112
-63
337
280
767
285
-110
649
-85
-36
212
9
4001
5226
294
-76
-34
224
5590
-1415
33
-141
-6249
-172
50
676
127
382
-559
-306
35
-30
312
4487
-7698
-2676
-176
-6
-111
518
-4
453
4286
253
274
5074
-27
-7617
50
2573
158
-2218
-219
-44
-223
-95
1158
-3148
603
-5259
-546
273
315
-4586
256
-1176
481
-43
-84
15
-2591
525
-68
293
70
109
-255
51
1556
1231
-299
2978
7315
-7910
-7743
-5540
-24
58
-76
1425
-5970
6013
564
-157
-187
588
1
210
-289
178
2112
348
199
154
-7939
2
686
213
112
403
-138
7998
407
7856
47
59
27
-116
-81
827
3902
18
-30
-1619
-55
-6932
-3335
17
-177
2506
-3206
7014
-6638
110
359
7520
279
329
-53
-91
-20
149
-112
100
514
-31
51
-6899
1300
5721
1108
4928
132
181
27
-253
238
-533
282
-129
-26
-10
-3
124
-150
-7577
217
-1895
232
298
-55
359
-130
5045
-5
-3423
339
-415
1144
-2899
-14
421
125
152
-104
-34
-34
166
-516
-150
-33
-34
27
-225
47
6608
-9
419
168
7
804
231
238
7523
-20
14
191
-7631
133
-6270
6450
1756
6450
-12
69
-199
187
-67
-67
-28
1043
242
215
-633
896
-23
1570
-30
270
99
38
-126
5062
261
86
-6547
-150
-222
-158
153
952
6
96
-204
124
-249
-95
252
1540
-156
-37
187
-2846
-95
233
-1354
-646
3570
558
172
215
-162
-4091
1260
-5971
159
-7380
89
606
6610
4
-132
138
1770
223
3
-76
3
-1424
477
243
-131
-19
-168
-49
249
13
174
-34
-115
-90
-81
-23
-2499
32
-1321
235
119
50
-27
80
96
478
201
536
326
-112
3913
6397
15
-79
-60
-9
-7527
1033
65
-565
43
-6700
-43
553
-98
369
-606
4
268
27
387
-75
-342
279
2144
-67
4057
-106
-238
-111
-219
89
108
679
52
410
2668
-91
5069
4215
-43
1089
-31
109
18
100
89
-19
909
-1108
244
400
-2816
96
-7956
6877
-164
46
317
-1248
666
363
537
-171
-6548
2362
-2609
146
-262
416
754
-648
-1022
8
-49
-106
-4075
-38
-4863
-5676
1244
-1594
10
109
-4086
5846
-19
-55
-60
80
-3431
-7211
6807
109
-4956
215
124
6576
27
-81
171
402
-62
7453
-100
3748
98
-58
-147
-6732
4367
365
803
-2811
62
488
8
318
-27
8
105
-1294
387
189
32
-2460
131
-290
-458
278
98
-60
155
-27
-5574
16
94
-1882
-3443
161
-16
-43
80
371
-53
-2549
117
20
-4411
-634
-21
3787
-76
-150
-302
-302
137
78
-6074
32
69
32
-89
-43
587
-649
25
141
-1737
167
472
785
-9
210
5194
-2406
157
157
111
-79
1608
-316
-35
-18
-6
-214
-7204
12
352
156
97
947
20
-4022
30
815
-15
-52
-123
7999
373
636
-1873
360
148
-46
1465
1343
-435
3
-67
-67
-4938
-938
-5023
12
-5334
5199
494
207
-4065
11
35
120
-54
6985
1569
2306
-111
-850
-79
-86
248
-338
-107
119
9
-461
-42
-27
-27
-27
2174
124
460
-565
1994
-75
-126
-111
273
3090
-84
1160
-16
-149
-898
176
159
252
-415
-4027
349
122
-2604
1687
-11
12
98
-900
6
7871
308
643
-68
-52
-6168
115
-10
-381
124
841
-117
-60
98
-3845
-12
-357
273
-7311
5555
6431
242
-478
-143
4893
53
670
170
247
247
-1069
-2278
-2278
-6568
341
-819
5498
47
-142
-142
121
-20
-89
359
213
532
309
206
-47
-17
4575
-4275
4
-65
-8
5221
352
-56
27
-49
-242
-70
231
-99
99
7794
183
-154
2409
-5057
-103
4
-76
-52
-171
22
474
474
-107
6086
-104
-111
-145
20
135
19
-27
797
6994
41
544
255
-489
-3360
-137
470
229
1594
-6549
-1245
-45
-82
-4389
-465
-102
-102
-119
7906
230
5951
-74
1269
79
58
810
166
-78
353
-1014
371
248
182
248
-126
925
2047
162
-1140
-283
-37
88
-238
81
199
214
207
-25
-79
2
3920
-4843
-289
-46
150
187
-98
-97
-117
1955
212
243
185
-15
471
163
394
-966
-5562
204
1362
140
10
-356
2548
7
-28
-130
-3902
5907
-4998
-80
8
185
-424
-237
-4301
350
249
574
-286
67
-33
-140
-616
-92
784
-90
-2
-2
-3647
-191
-3114
411
448
277
2566
1771
-514
-35
116
-6390
221
4530
-374
30
5260
160
-951
-50
405
154
-4
-3459
-52
477
6341
-98
-2989
2602
532
-81
-1858
-2920
108
173
-142
6242
-6849
330
-2605
-520
-10
-4649
-656
-80
-6635
180
-314
-91
738
-130
-5376
-2698
-1327
117
556
3708
5468
286
15
-74
1232
58
5134
520
520
3418
2249
-109
-6932
6790
234
-7017
15
2187
-300
-27
46
-310
98
-195
1805
785
-170
-7999
278
-137
68
1693
5488
-59
5942
372
412
338
-1222
-27
-401
7774
575
2321
2321
780
7774
880
164
2
-17
-7347
-87
-777
453
900
141
-925
-3926
-53
28
-47
514
-587
7544
257
-115
-115
325
7347
222
-2460
-7720
4684
-7167
85
-1587
-741
412
-7900
-45
-3117
-118
5
-779
443
192
2247
2247
6973
-758
40
274
153
-924
547
309
321
2844
220
292
-201
-5
52
-4739
6278
12
-5809
2614
8
85
-6958
1064
6443
105
22
-34
7929
3436
4254
5272
-4005
1895
-4057
4710
1031
771
760
694
430
980
737
1521
2981
1493
1304
1305
1450
-6150
-202
3294
2643
1846
7882
1260
1325
1510
1286
856
859
853
861
869
2029
4922
2303
1414
5762
3031
-5286
-6792
1020
-5265
-33
-1017
5785
-5565
-2113
-3942
5908
3346
14
266
22
-7981
820
-60
616
432
1228
-1055
13
4956
-4474
139
18
-4442
-28
-89
-3343
-129
-219
-332
4556
147
67
267
-79
81
191
346
6523
508
188
-5924
-241
602
-4537
2960
5985
-3231
-7248
3667
-3739
-50
274
274
274
4713
-109
-35
-5541
79
4963
-1855
-1123
-221
-5810
5014
7191
-7012
-3923
-45
6009
994
-701
176
-2381
-3363
-291
-114
1071
-51
-7973
361
1077
156
80
-1114
-7447
697
218
6700
3633
3633
49
3803
2063
69
-180
-6246
-165
-86
-56
-6771
-223
168
-12
15
-5
5284
-76
642
7997
103
-1206
-128
149
149
5087
468
2836
23
-1822
-32
-79
56
1093
-286
6859
-4956
5261
-467
7615
-2278
5743
-45
-67
124
2519
6192
5471
-4566
5068
2952
6322
-6179
6930
185
-3902
2199
-300
5242
-53
1869
-3357
-32
-4214
7738
2909
-4214
1829
-63
5807
-2816
93
-80
-261
2481
7446
3399
3020
4
94
-7
-7
-228
88
3839
216
-6197
3620
7707
-2660
4500
6215
-1061
3086
-137
-104
417
-6640
-7939
417
153
5811
164
-6
-63
2
5806
65
-6917
-3352
-27
36
-54
7213
-2977
-6104
225
-4425
11
-5085
-3660
-160
-785
-785
4095
845
375
-1350
25
-129
278
-5153
-2303
119
28
2475
-174
5140
2553
-5365
71
687
-1024
-100
45
-83
20
229
-2515
200
-4647
495
207
231
191
106
-88
4326
-7787
566
757
119
-7624
48
-4580
105
-807
-84
-25
-71
-2988
-6668
-8
326
-7044
318
-67
-332
5
218
109
-7635
-7764
-4090
-46
-88
188
-4
-60
-11
-2596
2139
-3642
7981
7394
2951
4721
252
38
-340
-2965
31
-89
-12
-2207
21
228
-2462
-3125
-91
3607
-3714
14
260
-1749
1479
280
-7411
243
-149
6652
67
-20
6034
-72
-6929
-43
-6140
31
-6255
-2161
-268
-52
7851
-494
-96
-96
4649
-24
-4625
187
114
7252
-81
421
248
-385
-29
-45
-4778
-5086
283
240
-81
-273
185
445
-340
141
120
-6843
841
-85
4490
-81
1219
5365
-16
-117
-91
-65
213
229
-201
-188
78
891
89
3391
-173
35
-5147
310
29
-120
263
492
328
-72
-546
226
518
66
-650
61
-656
-974
1748
156
-1234
7969
-3458
2476
-5507
7722
-380
-28
-269
-77
-230
-5755
-410
-1475
2940
3380
-663
-5979
243
-116
-104
259
311
674
-942
154
-3749
-4617
7910
1553
180
24
376
701
482
-3807
136
-2467
183
1324
153
-3701
27
7207
-64
92
813
256
63
-43
281
4868
-167
-5
2699
-48
-3925
359
-118
211
-7021
251
5178
-113
-106
420
52
20
-80
247
-88
484
2890
231
-562
4303
-7171
6203
-127
-2331
7471
-2421
-6692
2771
-7276
284
-199
-101
403
6
-4958
5812
-140
-3373
-79
24
193
338
-13
63
54
190
1105
398
25
-7019
111
-74
127
439
223
-240
245
-229
342
107
10
-1102
3048
-427
305
3643
103
-8
147
646
-4666
6356
-3227
-1446
1666
5974
4706
4981
87
-2374
759
2216
152
116
221
-113
-106
93
165
917
-5014
2144
-112
-11
-240
-4433
4068
-74
498
-78
83
-89
-101
-114
-7
1769
398
-828
78
535
-93
-156
539
292
-7
84
-4577
1285
-35
-136
-2
6939
83
-253
907
246
67
-4930
-149
-169
5698
5919
218
26
-147
145
-432
-569
-124
-36
675
-95
-4261
-84
-103
104
163
303
109
143
-1158
601
4241
5
-111
-31
-60
3572
-72
-28
-97
188
51
-100
-94
2158
90
282
-44
270
139
89
149
1993
-47
7755
8
-353
-151
112
-5470
1307
-195
-195
1411
-80
192
-478
214
-139
-83
-6017
-9
1730
-11
79
-85
-2593
-148
-5
4885
407
-131
-26
-508
473
6447
100
745
7325
-7086
1291
-807
4244
76
7932
175
269
118
148
-379
344
370
-3756
-88
-1377
310
2132
474
165
272
286
-478
-115
-7562
393
286
-43
1289
6724
-33
350
-598
94
860
-76
7
496
-938
-75
1331
-71
-71
54
150
222
87
-63
925
968
-47
131
180
356
492
82
335
-86
832
-1235
189
313
5
31
321
373
-143
149
-7250
-56
-137
-76
274
77
257
7020
-2201
353
52
87
436
122
292
-1928
-4279
-5044
-6654
7676
560
-86
851
-1123
-267
-2037
3769
-91
-2094
757
43
-444
965
-384
231
-153
-5
-266
70
-110
7761
475
290
298
-7094
6860
818
-1454
83
-5648
1428
278
-3116
54
-4518
114
-67
2
11
-343
-316
6027
-5531
-2751
266
354
-488
4777
-7598
80
-1594
3739
-89
90
-6199
-397
100
-6383
1945
5846
4501
2575
183
-7889
-12
418
55
-16
179
328
-630
242
284
6507
-42
566
7608
18
113
-91
6628
-423
238
12
-217
391
-176
-88
-80
-72
271
-137
-342
44
202
133
219
-3086
619
185
95
55
-75
-4544
86
51
-696
416
-111
-5455
149
-155
-1001
-64
-198
153
-15
145
361
-444
168
1083
248
5293
5439
14
264
-103
159
361
-287
-9
5627
-935
276
-7978
130
-53
-571
117
-5095
1370
649
1196
361
5496
5496
806
-4486
24
-67
106
721
664
696
-146
6806
177
-260
-865
395
218
183
-41
408
93
570
260
-890
-90
-60
297
214
3088
167
317
704
-88
4052
3254
3628
9
206
157
-476
3294
1500
1048
671
575
269
-19
-49
-7
-7
-4996
-104
-2057
1735
224
-13
2412
254
2411
1429
-264
-1086
-73
7917
-612
-343
200
198
498
-120
-3098
180
-1091
-213
440
21
1258
-53
102
177
182
188
78
14
804
-167
-122
3662
-335
190
-36
208
340
165
306
6
79
4517
7969
-17
-17
-197
7597
-10
-10
-2122
-468
1827
81
42
-229
-913
-60
-77
6647
1315
-66
2149
80
-170
395
131
91
91
91
-4001
117
-26
21
3926
-393
-3007
-6936
306
6141
-92
-189
-3164
831
33
-5425
-5997
5382
6310
-2927
3320
-190
-135
-1137
82
-221
53
-169
-154
-219
188
-6734
10
276
9
157
249
1609
-132
-79
217
-2528
-15
-7177
478
2129
2098
7651
280
-102
5694
523
952
-121
-52
-88
-26
441
219
313
-404
-5751
286
217
142
17
7005
16
439
95
134
-6943
-114
164
1568
604
784
82
425
-137
288
-44
-18
151
290
-59
1908
408
-56
-298
259
16
49
6
-154
3695
-25
258
474
666
259
4
-215
3278
90
18
-96
131
2077
961
-177
-162
-5183
113
275
5639
240
-60
7987
115
3935
-6335
3230
-69
287
383
3761
205
-114
-114
-142
2049
320
167
289
-808
-96
-1213
68
-2408
-62
-302
86
262
37
-1227
-242
153
-734
-4604
255
165
-1073
-6604
7392
2301
119
102
-478
81
832
795
7118
-18
96
98
-3403
-256
229
-5335
-51
-1457
23
147
6670
139
3454
4086
-7625
-80
-6919
197
289
-142
7740
-4505
-50
-2910
1907
2817
6704
-161
-203
15
-191
-48
-186
-141
424
-31
1514
7620
-6892
-2898
62
410
794
359
-775
50
-4143
2080
2466
-5379
152
-229
-130
-113
-73
33
5062
-198
-21
-37
-268
263
762
205
-200
110
332
-1384
-130
-83
5337
-7758
-957
90
759
557
50
430
75
7962
-42
-93
-135
563
636
159
-6744
-4588
-2309
5209
7944
-43
81
193
-259
4755
-395
-395
-160
-5022
41
-1480
26
-141
78
-129
-5388
134
269
269
405
367
220
114
-249
-238
52
-1216
692
5629
5629
176
-5981
-6103
-7411
-218
108
-40
180
348
-283
-27
-163
6827
-2464
-32
3020
602
-492
2568
99
45
45
-125
-40
-116
5874
5
66
-953
5
4770
-619
-6113
7820
-6113
-6113
39
93
-273
135
-21
-182
-1247
2749
1141
1499
-801
637
2549
1471
114
164
173
-340
51
-137
7147
530
3918
25
-101
292
48
-15
4398
69
-4093
3885
95
-1126
82
712
-48
-1279
18
-462
-129
-116
-7747
4922
116
116
132
301
-20
663
-6197
628
499
-23
211
12
-203
-113
6422
1887
5752
-468
-52
513
694
-250
406
7887
-216
70
138
-6330
133
-189
10
313
680
-67
-639
2405
82
408
177
415
-68
660
-784
357
1793
-40
5981
-5841
-604
302
-2067
1082
-927
-5556
115
-2099
-516
232
-7803
-1529
1139
284
-5371
506
-82
57
-107
196
8
250
-659
-3294
4216
3879
-50
-43
279
-151
653
3929
-69
-125
44
-155
-5840
99
203
957
-5479
624
256
271
-363
503
-56
-3367
-140
-664
544
945
-109
-220
139
16
-1
53
3
-28
395
-135
-8000
481
248
7138
275
3441
-3110
589
783
-437
-437
4679
174
306
-4961
4749
269
640
-5658
7738
386
-14
-917
-490
691
201
-122
191
281
12
12
163
3465
1590
-1751
4213
-479
-8
251
-516
135
-248
511
1451
-6127
247
-21
5427
262
5974
-585
187
-3378
-202
-169
467
-179
-139
2290
1782
17
-264
-390
-4
206
-258
-12
-81
3627
5470
-30
230
-2884
83
-235
137
1772
7652
4044
-140
0
-135
-5144
123
-6252
-44
-93
50
7346
1152
800
-65
-93
-5787
-144
-112
-144
-98
-7021
-3813
3507
-1407
-3581
-7270
-4
-94
-541
2172
-54
-73
-4776
2986
2245
-2831
-170
497
-7135
7503
5419
-2206
242
-6178
217
2297
244
-7914
7655
191
-1695
2338
-2115
124
19
-791
-6
-77
-74
-10
54
35
1879
6999
-4751
7751
2457
-19
-7252
6838
-118
-81
-2961
-36
3731
-1929
794
-4453
51
4015
-2068
-57
-2435
674
-6843
-463
153
6098
-73
216
-125
-73
2913
-1642
6261
-5808
4647
2538
-131
-77
6370
-5200
3967
-5200
5406
79
838
-6472
6246
153
16
285
5124
524
-181
-176
1678
-107
341
235
-85
-5428
84
4463
210
-4911
-515
-206
-2933
3319
17
-380
30
-36
266
274
-28
-6474
4200
1136
5432
7304
-2325
-2325
1970
7457
-230
-6678
-6678
4791
2015
-6763
6
6200
-4460
-37
308
1051
-144
-92
-7956
14
7406
-184
-7585
-7585
-94
-65
45
7253
224
-251
-62
-116
-32
624
166
23
-269
-338
3122
131
179
-26
226
3318
150
-318
190
-34
-3322
-192
-100
6484
429
-108
12
151
-117
275
-854
466
479
-198
25
-109
485
-2135
-4401
-33
7733
-7115
-14
569
-139
-3
1312
-42
-4
53
6922
293
647
134
230
1775
184
513
224
249
249
-148
-471
334
-1506
-20
2581
20
-36
50
-103
14
1565
167
-8
15
-2859
762
106
15
52
-11
4658
138
5304
-300
-200
-7827
-235
-117
-67
-75
228
-140
-51
271
7941
-247
5026
4722
78
2824
294
44
368
175
-104
-1295
-42
-196
3572
-114
161
452
271
-17
-6348
-82
6770
-5223
-2819
197
3737
-33
409
109
62
-145
-2014
-96
-2597
-39
941
-83
-39
-274
109
6148
27
524
265
655
-129
-461
103
253
114
-1014
-1056
380
-98
301
494
396
5365
451
86
813
1144
-253
249
3176
-12
-275
221
319
-257
2871
393
56
169
-76
873
-63
6659
3510
202
3972
-986
286
248
230
113
117
4713
-158
244
865
7734
-85
116
261
2625
-284
47
525
686
-818
89
-18
-5307
7138
473
1509
-1988
326
4939
104
99
124
281
52
-10
-342
-470
583
292
-127
-18
-200
-74
-159
-17
3506
-124
-37
-2505
87
-72
-51
-269
-139
-14
-14
-200
3652
4331
-80
98
155
-522
-23
-371
107
205
662
501
52
58
-2544
4527
2838
449
114
219
147
455
-144
6150
-80
17
-7627
-223
-20
-4370
3991
3991
0
87
-1226
6675
-3562
242
242
7852
5544
-24
123
-4392
315
-599
83
362
1858
7167
866
280
119
82
83
2970
7586
1600
1770
-1879
-1272
2579
2002
3181
-2526
-2526
6301
-4079
-1001
-4852
4597
6849
1808
-46
3007
310
-5773
-7679
94
672
110
305
-8
1758
7662
259
242
-386
31
-130
-82
480
-584
-657
3675
-141
126
-4787
120
-57
-441
128
455
53
7013
6
196
5278
-106
-69
87
-115
92
3706
7969
-111
67
5827
-28
-2230
-1584
-553
1245
-553
-619
261
670
-37
55
6436
55
4
4
-107
7309
90
1656
218
-21
218
-1382
-1263
-7341
-80
8
5018
-415
190
-7282
240
-292
-5919
-6450
468
-208
-6717
7232
540
-207
5555
1146
4995
-115
615
-105
118
192
147
-2619
-57
133
133
313
256
-4951
-7820
-7477
-5764
-326
178
1882
33
-154
4201
218
108
-6223
-4696
-7000
5759
351
5276
94
-604
-22
2437
-11
-160
-92
6355
-1784
621
756
-728
-6287
863
6414
-19
7341
-63
78
-1461
-7667
186
7080
411
7294
193
193
7
6136
517
80
-263
5150
126
781
5019
4873
-5007
213
51
87
-438
229
-176
-86
-94
433
21
-3916
-76
-3415
5478
-21
284
-98
3417
-76
3391
-2015
414
-35
310
190
13
-6103
307
-306
-2561
-4
-7063
-2206
2
178
-469
87
247
-564
454
-86
-1464
-3204
6267
3902
585
-6
-8
-174
-914
192
-2720
-74
-3688
-19
384
-2647
-53
-119
131
-1017
-2230
98
-199
1423
-37
136
293
800
5108
-5248
232
232
232
-30
-95
-13
-33
235
44
193
91
29
789
-1184
3
-359
9
-147
-182
-168
989
-119
-1987
110
-7739
88
-5706
-156
-7
-6879
930
4209
-2499
752
-113
2893
-313
111
114
3965
-670
3778
7008
167
5
-6439
158
-115
-14
370
707
-20
-129
6742
434
813
54
100
160
-56
-20
2075
238
6552
-125
537
742
-7178
-783
5370
-3893
1784
-81
-749
273
-106
154
417
54
18
121
-2451
-4660
-179
148
-572
-26
4987
88
-405
-24
-29
331
3944
7017
-83
4223
260
-33
-33
141
-20
-206
228
186
-48
-66
-22
2
-20
189
84
-248
6045
-3
2795
-298
8
112
-30
-38
204
184
114
386
81
-262
-107
-6381
1883
1007
-95
162
-22
246
4393
319
499
4199
113
212
4291
-2567
749
219
-411
685
-5896
116
-18
2080
-22
5636
-82
1754
-55
-17
-1136
290
-65
222
-645
-40
102
-12
206
-12
-21
-7971
7657
-18
280
701
533
4
-1311
-367
278
87
617
295
-70
-37
417
3254
-87
-3456
-122
-283
294
256
528
507
-38
8
-320
-1
-34
-2341
-4271
52
-38
295
222
7550
5268
22
-110
104
-295
-139
263
-457
479
386
-83
179
64
-346
176
592
592
-87
170
-348
5779
562
-11
301
-7649
208
-966
15
-66
1377
42
-156
-80
295
2215
-7576
332
-7141
85
-42
271
153
-2
161
-2468
109
4936
2132
-6270
-4456
-4730
-27
3410
62
201
-151
164
-5963
-675
6387
-5042
-5042
-6493
-6816
-192
77
-669
353
151
487
4076
-4511
27
27
-6708
7
-35
-56
143
-206
-224
-21
11
637
351
-2
554
-135
-103
326
-8
-7966
211
350
-160
7756
803
-431
-2012
121
639
-21
435
248
7861
-584
7861
363
60
60
-6130
183
1548
-650
347
-155
29
-155
-3201
-83
5758
196
457
273
106
85
-5506
-69
-115
3336
86
1193
-886
-169
-43
-43
77
-7353
-2972
4984
-843
831
163
20
-113
3896
1720
6113
1601
84
7336
471
81
-527
-60
-96
141
134
-7596
240
-3950
700
-161
-161
-5289
-19
-3347
-246
4887
3341
122
56
-7659
-1652
6772
-138
-477
154
-1214
140
3167
-560
-6655
167
893
-294
-83
-112
4045
-229
5335
280
-6506
-24
-86
402
-96
-76
6797
680
7090
572
-329
230
230
-3232
-39
-116
-81
5711
644
6434
6434
18
1088
748
-2
119
186
677
316
80
3531
80
62
-205
-205
122
-83
22
558
521
47
-2437
-306
188
-75
286
-184
84
-7151
1170
669
-77
5860
111
176
-289
5790
6487
-77
248
-491
2164
-5140
676
-77
-109
-174
374
-896
-3
1053
11
-13
-356
-7385
-3536
4840
4019
-2022
317
-1136
-167
140
-316
-7180
-77
-56
-6
-257
121
305
-47
-370
239
-2580
153
-44
-7335
284
7301
-554
-233
-105
-5544
287
-57
-98
673
-255
66
495
227
813
-44
3327
-4419
-7043
-1574
1694
90
98
-1094
-2942
240
-1005
291
-689
458
-42
-61
8
277
4547
-295
-5614
-147
237
-304
409
677
508
-280
-22
673
-274
-21
-6409
-2423
-5781
154
-354
-6490
4735
613
7926
227
135
3219
-185
-215
-94
80
1504
111
-86
245
50
-4488
-154
175
362
-354
-88
137
137
-131
34
34
-90
142
475
472
1277
-109
-160
-7987
-3495
-124
157
277
825
-180
7258
1014
-4775
-13
478
165
451
-55
671
-27
-31
-4867
246
113
-7740
-76
377
-5692
2685
1311
6791
16
-814
-66
485
5286
49
-14
-281
-6004
-4899
-468
218
-449
-6704
649
-521
-962
90
3792
-6175
-5866
4696
-5478
-5035
-6620
6008
-6031
-73
-4760
23
-1387
-6725
4300
2931
7618
6676
-77
-1982
423
-317
-914
-5551
4964
-2896
1598
-6695
-7029
1878
-7027
-5109
-1273
-4869
5045
-3411
-3776
-4437
81
6475
1552
7427
-41
-1976
-6236
-3182
6370
-119
1794
6370
-112
169
-65
349
-6548
1913
362
-6323
1925
2114
2656
341
30
1422
57
-173
6595
-6711
833
6373
3924
7017
1335
-57
-349
-1101
50
242
2462
2687
-3498
6401
1744
603
35
125
-1689
-3425
150
252
-462
1809
-84
2126
1657
1514
2867
-42
-2185
-23
-7750
-6
5046
88
1428
4245
4424
5771
-5879
-6546
-45
-1436
5473
-871
-43
-2995
-7729
-3765
6602
6522
6101
208
109
-444
223
484
-6642
-3768
243
-870
963
-26
140
1087
-87
164
-203
-11
713
237
-2130
-137
26
78
-1949
377
2451
313
-198
-836
311
115
265
11
85
6770
-70
6806
-18
-7487
-78
-5294
2344
275
22
-5392
288
195
397
-7
-161
-2456
1999
-166
14
52
81
71
294
-189
-444
426
404
-141
80
-179
261
4352
-6268
-6510
277
-4543
-1150
-228
433
-6375
-30
403
-364
-5639
300
-2160
444
448
-7
-68
-25
165
-199
-11
-50
-107
153
127
413
687
416
-450
407
-5817
123
211
222
218
7512
26
-61
-4
-109
-84
170
252
381
126
347
3297
1
2191
5746
-6882
280
-7998
-2499
105
5474
-87
346
-11
196
3010
25
2470
-124
1645
2807
1021
-90
-87
-95
4657
496
-136
331
-544
494
-227
-5149
-2521
-270
162
229
-157
6857
-3
285
290
-32
-105
4632
-192
-116
-7460
118
-2
7720
144
350
-83
-4301
-23
252
309
-4
451
237
-344
82
-61
633
-209
340
-87
-125
3821
5732
-28
-64
-153
4305
-39
650
-83
45
8000
1653
-116
-30
4980
172
163
1235
347
-3197
-4164
278
7499
-3648
174
169
168
168
198
6732
-2547
-3709
1241
5518
-3709
381
5024
2151
231
5930
-3716
149
1152
-120
-104
-2640
-206
395
-5424
355
-373
296
-6285
-1454
5713
27
-111
4174
38
-4118
3380
390
-3078
-4055
32
6397
-1553
-463
-7220
-70
-1174
-118
884
434
641
1099
1099
1099
-7789
450
-2356
110
1337
-6464
6729
-2
-573
23
46
-5889
5525
53
5
1299
-188
25
87
1670
-199
-4539
-3852
63
6355
5404
3349
3
-2112
395
395
-3921
17
153
992
-507
184
-2
2156
-4910
859
-709
7524
242
3157
438
399
-4429
3782
439
1724
91
1012
-64
-5833
-131
-2475
-4
-5734
7
291
218
189
-149
189
-4748
-138
2554
20
-88
-53
-6237
50
1374
-5784
202
-65
-91
4121
-4804
-6247
-109
103
-1573
112
1532
114
-129
744
-665
-927
54
1164
-4712
-3243
215
7450
405
-4029
4792
-39
1789
7122
-2190
-151
-2867
-19
-9
104
4872
-6507
-6467
23
151
3782
369
-6661
-3428
-7216
621
1679
-7216
6706
-4
-5277
1141
-87
-6279
-69
315
-45
3549
-4847
-157
-89
551
-87
546
330
441
886
-175
256
-247
-784
-42
-214
89
79
-119
155
707
-115
-46
332
669
1036
-785
-4119
335
335
178
-140
543
-37
-57
-1769
-2570
7824
103
253
-160
-65
-46
-120
329
5196
-16
209
-100
3248
-5779
-112
5697
-4575
152
285
1576
45
2178
147
461
379
-635
63
222
-141
49
707
5915
-7
1989
-194
5165
-8
4884
-47
152
664
227
146
-138
-78
-244
2012
289
-158
-345
7768
-6738
-7483
1074
361
638
146
6791
-117
362
429
-85
-227
150
419
240
-7452
6585
-1107
-6134
-10
-273
53
721
-1218
679
-555
679
-509
871
2856
-4852
3501
4421
289
289
-6328
3765
-80
441
286
250
-25
986
219
251
-170
252
-66
411
-26
-377
-156
-17
-168
202
-5193
4513
460
324
-26
-79
-11
126
-38
617
374
-268
-235
-166
-108
512
-980
-489
367
-84
-6262
-49
117
338
-22
-4
2784
3273
228
350
-35
22
-91
-50
-20
-3586
-1176
4834
-124
6964
6719
-126
83
-311
-54
-69
156
28
264
198
1867
-67
132
1598
-80
253
15
-95
-37
-141
-462
-5496
295
-398
317
355
3300
-40
-64
-139
-10
1419
169
-107
196
-159
-1477
-20
40
-3
2393
1665
-5
88
-34
-350
-36
94
-4337
211
-60
-742
101
-437
102
-371
66
132
-44
17
215
-3160
97
155
-107
-95
279
205
-706
535
63
-284
204
42
-14
-109
51
157
-822
39
82
-68
65
-187
-160
-160
19
-77
-186
163
321
144
455
357
271
-88
1803
107
231
57
-90
4780
-402
316
-456
63
-43
451
124
5047
23
5039
-2300
-172
2914
-513
113
417
61
54
-335
164
207
52
332
-47
-142
267
91
-112
-16
-3672
23
5265
51
-193
-106
-9
-173
162
524
243
-55
6343
-54
-6015
1724
-10
-267
190
162
-79
17
33
-32
-5394
192
-3367
164
185
344
6454
133
212
88
114
404
256
-105
218
376
-778
211
6
10
-7045
307
2122
7057
44
44
195
285
15
4573
149
-299
640
102
153
-96
355
2
-316
494
-772
7948
-5506
-119
-40
260
9
-127
5453
16
-1952
-14
-304
540
-9
5029
83
25
-143
-19
-153
2
-185
-33
135
-6949
-289
-154
-154
-8000
36
-3064
6661
-653
-8000
-109
-368
-4491
-30
-33
115
167
-686
195
56
23
280
893
365
-1273
-199
1020
948
-16
-94
2363
4034
-266
162
284
308
657
-81
-83
108
-264
-6616
-5319
6376
-165
1350
7093
-487
-31
369
-5080
7514
366
-1907
2216
-15
-324
42
42
148
-73
618
105
119
203
344
-64
-66
24
25
-210
-210
89
142
-12
-4229
-155
3021
410
433
-719
195
78
99
-28
1710
-1157
-23
589
16
-259
863
-148
245
-366
-186
873
99
2724
-455
-257
-199
156
6703
-65
204
-5502
1435
-7149
-1285
-78
326
237
186
1234
458
1549
-164
240
61
7
33
-39
-498
200
15
-63
380
-30
273
-26
146
-1244
-120
-2623
4612
6014
618
7950
57
487
130
-26
115
76
-243
-73
255
-15
-6
692
-439
-3718
5608
57
-64
316
261
-4363
-5186
149
-164
-1
319
783
435
-16
-119
129
414
5420
-6295
-43
-43
-43
351
735
-706
13
97
161
-56
-1406
-76
-741
6381
-252
-310
646
-4314
306
-700
8
306
752
-96
73
2473
-1346
280
18
3945
404
-111
141
-7233
218
-52
213
3147
91
58
-336
-56
-109
-217
374
-151
557
-254
186
106
-7643
262
247
112
-2
2045
361
223
-4490
5514
-87
82
-9
196
2825
-5173
270
-5
231
-62
-42
163
1891
-3214
362
-89
-3
-27
-489
278
108
-50
-7995
150
199
-191
-274
5586
-713
-50
351
-96
-163
-286
564
151
191
4091
-511
-7246
-29
169
-63
255
-5102
-84
-125
874
-112
-42
1349
164
1153
-1320
3581
243
713
1365
-333
30
607
727
-11
-294
175
-409
489
656
-1642
5801
531
-1
31
-268
-4043
86
6605
684
131
422
280
7412
480
291
1342
304
354
-196
276
3321
-2728
482
-22
-5604
375
1336
552
-5758
52
924
-105
-45
286
267
-134
328
25
1802
-157
209
12
210
-32
200
24
-80
7539
3411
-2747
83
535
3740
117
121
405
52
1250
7619
-6047
241
578
-1936
-37
-566
422
422
-108
-2088
434
649
158
-3227
361
92
-68
-65
492
-994
85
-237
135
6762
6121
-39
275
-7761
-1967
-4541
1191
487
-128
115
2257
-1731
925
-3086
-152
100
253
4640
5347
122
-6202
-7536
7807
4589
6895
16
-310
-4326
-901
-63
150
91
7396
2935
-40
-1899
-762
-354
97
-392
-79
-2
164
40
6503
-3171
-2564
112
20
-266
21
6680
-4695
7929
-12
-70
842
-6582
6202
40
-7989
5540
-4220
-6457
-4283
-4283
-65
-433
-2819
4988
-528
1896
-4374
5865
-215
-2649
18
-5181
-4383
-3189
-92
259
-2740
-391
240
-299
258
195
-468
196
271
1750
-444
3410
145
-2021
5193
-7933
7236
1102
-4803
168
-5633
-7288
1443
-5056
6503
3468
535
-6253
5106
-6855
3287
-2130
-6602
5728
-6168
-7071
-3178
4888
-4431
1269
-1570
658
-1138
-6261
-4005
647
3292
5893
-4479
7469
4637
-7909
-5520
5425
1234
843
4050
7831
4795
-1334
7365
7697
-2010
-3633
7106
-7183
-7183
7051
3111
6968
5950
3599
3055
2509
1609
522
-425
-3267
-5156
-5567
23
6810
6093
5271
3449
-1166
-1809
-1809
-3896
7967
7469
5849
3558
2380
1030
-635
-2401
-3141
-3957
-3957
-5580
-7552
2736
1248
-215
-1398
-4317
-4317
-2418
-21
-63
-5634
108
-7384
-251
-229
7528
862
76
3800
176
93
140
1707
1782
-84
260
6034
-113
4104
-721
-3378
1174
2704
-5199
134
-166
-5137
-5137
52
790
559
-127
7493
-6820
-387
-1528
-84
-4423
-7974
2528
-555
-122
-122
-43
3246
-10
208
27
27
4790
252
5180
-992
100
100
3529
-4866
29
-6518
372
97
-21
7694
97
2675
-21
-542
295
909
91
-281
181
-5157
6441
7511
5079
9
4927
4927
686
104
794
220
482
2614
2049
7236
2118
83
-54
-5262
452
3547
5
-85
-17
-133
298
431
-63
-82
-82
-43
-1253
-7455
-4510
-360
-2731
4176
-61
-84
-6737
34
-14
377
-492
-6646
-547
-22
-22
28
6246
-5170
446
198
657
-1798
285
-3979
2714
4971
1528
66
396
-113
84
-70
245
1332
267
-1279
-5413
545
-1366
-545
-545
390
-636
-3948
-7492
2222
456
-276
3
-87
-4
-1480
83
-195
222
-996
-255
-658
878
-563
365
-51
-5165
258
-109
-7
-531
334
-7199
-81
217
126
-430
329
121
51
616
239
64
-4
35
-4
41
-126
46
-121
22
39
22
-689
79
-6
-28
-54
-113
-90
-210
3201
-3907
222
145
-218
-947
-105
-8
-130
-40
419
96
147
-237
5870
198
99
214
630
-180
125
-2970
2493
100
-248
115
-7356
67
91
-64
-148
832
211
7
-769
-43
486
493
647
366
-2
-630
-52
-119
201
-128
450
-86
5973
-108
411
-9
-76
-110
-253
54
-147
-1757
-86
7
7504
481
1
484
431
63
-88
718
198
-411
-1255
-67
305
-308
-23
58
154
-1138
148
148
294
-5601
117
328
866
-114
-203
-148
-114
-170
-380
17
105
113
-14
-55
-2920
-301
288
6791
50
-3278
-2149
149
1336
542
2694
-290
263
622
192
-620
7
-160
2514
-90
605
5851
221
431
-538
-6516
6456
-4971
-178
136
-53
-81
620
-129
435
187
199
31
200
459
156
244
399
415
-49
1759
-60
-76
415
-84
-84
-134
-253
36
-11
-51
22
-565
665
99
857
78
-194
-116
-291
72
72
-163
8
212
0
-162
7628
193
256
-5235
-383
312
371
-7820
-1704
131
-7299
-82
199
-283
-3364
-425
-57
862
407
2
-4748
6907
1138
-511
-511
115
288
818
183
1
-164
237
-277
6243
375
-595
81
-92
382
105
-186
-14
1045
86
5285
879
307
-597
569
245
190
5042
3685
133
5412
1601
-366
229
289
-7999
41
-4
-14
-3430
-1350
144
1330
254
-77
-110
-176
16
384
19
13
-8000
24
1739
663
5707
-2884
-327
-47
120
-475
196
377
1299
-167
58
-157
38
148
-246
122
167
-203
-3
384
193
202
-226
103
5514
286
172
-315
1077
-62
-64
1642
433
30
4338
2007
7748
2357
-111
-111
3096
471
288
-88
-97
623
90
-116
-121
330
-4623
66
66
7924
-290
104
-225
133
171
-5515
-18
4403
-2396
386
-945
142
103
23
-160
554
-44
1321
-145
-79
-1010
-129
1706
-91
2387
-21
-2086
1138
-995
-2117
4591
-716
53
3236
2518
-49
-178
-479
273
244
-216
164
7
351
-395
7590
-20
-424
2867
3863
481
390
119
-6486
-1663
-179
-131
242
-131
-621
248
418
-6825
-106
7815
-226
1846
-2243
3821
-46
-4584
-21
-82
-73
182
-1394
-5016
706
-26
7732
7995
-7807
-7479
-230
-176
-6715
459
250
2859
-391
266
-76
17
-33
-292
123
-183
-601
3467
-4230
3467
2422
-41
-1174
388
-2847
-659
2548
4495
616
5286
-5111
-515
6569
-515
5540
6353
2386
-2753
-2126
-1720
-1348
-730
-412
-3608
5443
-2504
-2619
6217
-4111
-7197
-6263
-7197
586
-7021
2651
624
14
7266
620
1265
575
-637
613
6503
-6543
-659
14
615
-4272
587
-7238
604
557
-6740
589
273
-5705
2906
616
592
563
-4036
-1988
90
-235
-6876
257
140
153
32
321
-3578
1767
-75
208
-20
-58
-58
-143
-22
22
83
142
2398
-6953
-108
454
256
279
-86
7383
178
144
-69
-1183
1205
-1062
636
-991
-5561
-210
-39
178
-44
-28
-13
504
-272
244
-6525
-14
-217
237
-866
-4620
5261
-7859
-78
139
5145
139
-262
-111
64
5095
35
20
-52
75
1491
-5673
2238
354
30
100
-206
-1574
-2228
210
4813
-677
-711
2
-139
110
-20
-261
142
51
1085
-264
-951
1589
3132
7173
-110
411
274
-288
110
-36
-4605
275
308
227
-52
-210
-69
-5981
593
-1663
-83
104
-52
6526
-3121
-306
196
-9
-379
239
-532
129
-38
2578
159
-13
-316
-22
10
-55
-55
-55
-6991
392
154
-1557
2603
102
3549
-3336
-1142
3847
-4596
-63
10
-31
-41
200
-3
262
-5818
233
18
2074
1556
214
-314
-3
-56
116
-279
-3714
107
-224
-82
7026
7898
-7742
-2301
-20
457
4
-48
-110
125
-486
284
5
-18
5557
-102
2508
-2663
-5556
5438
155
-380
-34
824
-121
-105
243
277
-123
-109
96
142
15
7290
236
860
-257
-15
-82
194
286
-482
-195
-2467
-38
6125
85
3248
1614
373
-125
-1012
-39
122
-405
-67
-3194
134
-299
50
630
309
414
179
410
100
285
351
-119
-4
259
196
-105
-59
148
254
103
-132
-87
-108
-18
491
577
-207
-576
-52
21
234
460
-88
-34
-7
92
-211
-4568
776
401
6840
-176
67
438
828
114
-19
-38
-769
220
-24
234
-127
160
-182
-7692
1116
724
-866
-162
-50
5557
-269
173
-109
-54
80
311
3588
267
56
-2094
-114
-28
-94
-31
-154
-6385
-18
84
-83
-64
257
1511
-50
-50
-53
92
217
325
4577
841
3318
344
397
-121
4534
6
180
123
132
-95
-130
-105
-107
37
12
241
-54
290
-70
7018
-7495
-115
4432
1216
-356
472
-52
-124
-23
-119
-41
2991
-73
-5731
-29
-29
158
56
183
-364
-161
-161
292
-9
283
284
-6041
832
200
-77
-511
117
210
-203
-80
-263
-30
-107
-224
-21
-61
120
16
-1329
510
-233
143
200
-239
330
-7540
65
173
25
1763
105
-6079
597
-76
-2432
6167
-4222
-725
-191
-26
-165
1591
696
-19
-53
-1130
-18
-3660
1148
-66
3788
-6
7
-12
-1512
47
-84
112
-6
49
-54
6520
784
220
1170
183
1311
499
364
-7505
-192
14
4262
26
62
-53
-54
-137
7795
96
1673
-93
84
366
300
320
-919
195
-256
5169
54
-190
99
207
-6715
106
-56
-33
302
92
254
223
125
48
-110
-213
-65
-966
9
-120
-86
-79
-2488
-2488
2982
2982
-6662
177
329
-29
539
6
-179
-236
-29
497
6107
3076
-14
6189
-1079
-3363
169
-295
330
189
-7775
-287
389
-4192
620
-8
158
-61
-12
-99
-196
-8000
87
81
-211
111
258
-3857
59
-64
-285
67
4105
173
608
-6375
235
248
329
28
-349
-6829
88
179
-2945
-234
-971
241
113
-4384
166
4352
-129
222
-44
103
6995
6615
130
-190
625
-133
-151
-7299
40
-280
40
375
-79
261
-196
-35
-91
-35
237
-2970
124
267
353
48
-6386
2908
-138
174
4
-2741
421
365
288
-41
122
98
-4240
193
4043
-115
-110
-85
-225
-470
-121
-140
330
7511
1784
-41
-7240
497
78
-1883
-25
-628
78
16
651
2529
-642
195
-168
-171
216
435
-23
-53
114
6461
102
-5246
255
34
-243
9
14
-5615
300
1515
-1108
-884
-3907
-7692
4877
-5426
11
5110
-4674
23
-2550
198
289
-1356
7637
76
-43
-4729
225
-618
-99
7
-61
-6688
-42
2727
-5941
409
-7156
-7464
7552
13
-4726
3921
-4947
-164
-1923
-3897
163
48
-5980
-528
-136
-174
6688
-5418
-31
-281
5271
5740
276
775
73
-6037
5413
-123
2748
276
5534
-3800
-6529
7827
-78
-58
-145
85
-83
5957
-3508
812
182
-4292
-105
-3743
-7035
2056
68
-728
-219
122
1709
-1771
321
-755
1369
109
-533
135
205
-347
-40
-4807
-45
5330
-7361
-7509
-2614
5709
-76
25
-98
-189
-6309
-218
37
-1292
35
-7109
-112
27
-3947
-12
228
146
356
-365
-2558
190
-292
-1
7753
105
3935
241
421
421
-6004
-5313
-93
102
-1109
278
40
2103
20
-398
5266
6779
140
7635
21
-5374
5164
-141
91
121
-2136
-50
-3746
3927
100
25
-7365
-6198
7933
-5930
128
-3332
4537
-403
2156
-574
238
-306
-451
218
7549
197
50
185
-3770
-818
-88
-94
-31
186
-2225
-316
-22
1467
-110
-311
106
152
464
464
286
-938
-48
-1803
-7
529
-358
288
295
139
-105
24
-291
161
-6965
7143
92
-808
602
22
-65
319
26
-5944
231
-87
-66
-116
-321
117
456
6914
299
-1180
734
3044
-6560
-108
196
-164
152
75
59
2136
-2552
455
2732
54
113
-3990
314
3165
-2431
5232
-7256
-116
18
166
213
222
296
727
-78
-7953
-14
5694
-148
30
256
126
21
27
-2719
155
-75
45
7
-136
197
197
340
-7111
9
-1290
-38
48
-7434
846
163
111
25
292
-240
-240
-312
77
133
224
224
-527
4284
-5187
-7148
-2137
292
-78
-386
318
-89
2
-5796
3941
-5190
392
-6537
5282
-6537
3431
1413
380
119
-175
37
-451
-1858
-6002
-4199
-5445
-2235
2507
238
330
-1250
218
207
2200
-258
-7064
52
1312
310
24
377
660
478
-177
125
4947
307
-748
-748
370
-45
1
-209
137
169
350
179
114
-499
329
298
7993
237
-4786
4584
-67
343
270
-38
-57
-108
-7980
-42
231
-477
-38
135
1226
-453
-93
4756
-4062
-4011
1438
7060
100
317
-3674
-3701
145
-116
98
338
1449
112
-6869
383
385
-77
4657
780
1378
-4903
-4078
-2421
7006
26
91
297
-5621
-5573
-4385
229
-614
-404
150
-89
-82
-504
-135
-149
1840
6096
1132
16
-4197
95
-1043
-82
4946
-1405
-369
-3160
149
-4508
4260
206
4260
49
18
402
1433
77
7725
2843
7725
46
158
46
296
7197
1170
847
48
-349
-496
286
-127
5728
481
745
158
89
-5256
5879
-391
668
-854
-3548
336
336
134
-3605
95
-6967
6840
3843
454
4
886
-7292
795
5901
1980
4311
-455
424
1098
38
5676
31
1752
346
367
-805
-995
-49
-6
5914
-1997
608
329
202
-5338
4821
408
-148
-8
317
2752
-63
-17
-259
7669
-158
359
446
128
-539
4479
-618
52
443
626
-105
120
-249
-1
7604
-79
218
-370
5089
1971
110
497
-92
39
371
5089
-5399
-6748
609
-2012
-490
152
191
3820
-35
266
1423
-227
-5043
83
382
345
-551
330
-155
-246
-136
5076
-111
-109
6583
-6987
-108
-3077
-3823
-1639
-60
5041
-193
2778
35
17
-324
29
11
-51
-5931
300
2826
-168
70
226
94
7579
-6117
-5673
-509
88
792
7071
85
88
4145
-6838
-231
5
-750
150
440
171
-6
4055
4051
1227
-82
577
264
628
-62
930
1
-5647
-230
-4375
121
-2582
-2582
137
-19
-86
-282
96
-249
7
203
491
277
3502
-6244
442
-24
-79
2070
529
-12
-47
631
-15
-46
-46
-3848
-5818
-521
-2083
39
-6925
61
61
-1506
-186
2783
7
-212
-46
-29
-1198
-42
292
-91
2311
22
352
7706
7366
-7802
5737
-5817
201
-511
168
51
81
-4521
166
85
88
-20
905
-4083
5356
905
345
-4612
171
2290
-367
306
-367
442
-104
-84
-76
-551
1441
-76
177
392
225
83
206
7607
-163
-422
270
-7531
64
179
302
4360
-4943
-365
-393
198
-4943
50
672
96
-7547
138
-138
296
199
28
28
-33
90
80
4332
-4601
659
65
-91
150
20
-22
-115
168
168
-27
-5048
-2786
500
-82
499
19
-171
523
-142
-5483
1355
1355
5173
-7203
437
891
926
245
564
-120
246
544
-166
36
85
2203
457
1815
4628
-11
-304
321
321
-633
280
13
149
5683
-47
-70
-553
444
7879
961
-101
-7976
673
-738
-6
431
-116
119
-5261
-7787
37
1490
6661
98
290
3571
289
-650
118
-79
130
-1792
407
-371
19
5539
-47
113
-41
5878
7070
791
202
-88
-88
214
-97
-2793
248
-41
4113
-4346
169
3155
70
-37
-195
84
-74
-81
-121
186
-26
4485
-28
529
-302
116
-1640
2573
2896
5403
2094
-1037
6866
-561
2896
4697
484
7865
-182
-34
168
613
-320
714
52
2525
-2561
-4787
19
1414
1414
1835
-180
-180
136
215
476
-84
269
4092
55
400
248
1920
5888
-302
177
390
275
237
151
142
7603
230
-84
276
-392
-120
63
147
7991
11
-1860
-198
6161
-6939
6069
1439
2092
-6291
4565
-709
-7965
-17
-6792
-282
-329
90
204
716
-65
211
-657
-1
-7624
379
-338
197
196
-7922
11
-890
-5442
230
293
50
-113
209
5326
4338
-145
1692
115
-98
-79
-3159
-232
-4823
87
-215
7125
145
-335
-246
255
265
-57
-17
-5577
-405
-201
5581
-132
2695
276
1080
-258
-3050
45
43
124
-400
225
-3414
931
-4547
24
90
4186
-1116
-6596
-14
-90
267
-5087
7827
-5030
-482
41
-1146
98
-1113
1010
5084
4729
-4209
-415
192
14
-24
-4202
-6476
171
7091
203
-649
-188
138
-47
138
-43
-40
37
7
-5182
-62
228
-918
284
868
99
251
-3553
1638
430
1708
901
-6615
69
37
7995
614
180
-4008
1407
-5793
-345
1579
-139
2387
-149
38
7730
-304
-1566
-1024
-118
225
-383
24
3688
19
-4014
6952
-27
2833
332
-21
-503
158
61
-660
264
809
30
-110
-237
9
-228
-7572
443
-798
-5300
5211
-109
-226
100
-240
-2647
224
2346
2346
-431
779
229
-7987
236
7625
5113
-7533
6851
5491
-2573
243
-3518
1404
658
3784
6558
-1235
779
-36
305
7616
114
147
-7345
-470
-3464
3170
-786
-786
-786
-33
-3099
-7991
1683
1683
-7976
4704
-4822
403
80
80
3098
-92
-765
359
-6453
5440
801
235
688
-2324
9
756
-901
-90
113
-47
-2378
4054
-1602
-4539
481
528
1399
2655
-2918
228
421
7191
7989
-3155
-2535
1087
-105
-105
-254
534
128
-25
-1211
6287
440
2761
7578
-6918
-429
-429
4913
198
824
-1159
-1326
4964
7442
-69
-38
28
-108
-17
-806
93
495
88
-3934
540
6474
-1702
3206
3695
-6022
-2083
50
-223
120
219
-7168
1092
92
-4
523
-378
-1918
190
167
1045
-7
967
1621
-888
1606
-139
-196
-4172
-92
130
130
5224
5224
780
-105
-344
192
84
-1761
-90
252
200
-80
326
147
-596
-596
88
310
208
210
210
352
205
1868
369
4686
136
-565
301
-169
-1636
-8
-89
237
-714
-425
184
-112
4419
698
-43
-5
-1920
210
-541
26
5323
1094
4699
1472
23
5421
257
169
7095
-613
4314
-159
257
-185
5342
4772
-74
-131
2551
3495
49
704
234
455
377
-391
202
168
-96
122
87
524
-63
-86
-5770
-87
-162
1084
2476
4
28
28
103
6474
-688
153
-460
13
-178
-178
-1929
-4255
92
10
86
-352
1696
-42
289
-5091
5678
86
2602
-2902
-163
6376
6347
-102
-2458
6
-13
210
-80
5365
-38
-72
341
105
2607
-2326
1207
233
-1678
-24
-3831
-16
7243
21
321
-8
-205
-186
2379
5
226
3831
-81
-7198
-90
186
379
388
-5535
1632
2676
-5442
136
353
-1633
237
-188
-131
303
730
-61
217
201
-7946
185
507
-139
-100
5085
1268
-2748
2624
-6689
78
1234
4285
2467
-2171
2045
212
-295
197
-155
211
-118
-1768
18
-5539
-836
403
-32
361
3387
-7236
-352
93
138
3060
197
3520
3
-3120
-1879
-45
6931
5425
2491
-7694
-1353
-7694
70
5484
-4590
2784
-4768
163
-659
506
479
-108
238
4221
91
341
-307
-3644
-33
-81
100
116
2231
-81
-1850
-201
-178
79
-59
111
-341
1095
-188
-10
696
-5122
-1746
260
-15
802
124
-109
-23
24
637
-76
-2539
66
806
-148
-513
188
2043
1212
229
98
-2128
3160
623
84
89
-5
-7816
1777
-3936
-62
21
21
-362
2923
120
-4421
7733
-158
1544
96
143
8
250
134
-233
125
1712
204
206
5401
7434
-357
4664
4664
149
4093
-7484
2892
2920
3537
-69
3978
175
155
5460
-5461
281
146
-2597
-6132
-5698
5301
5022
-7716
-5389
421
511
185
430
7903
220
-5707
290
-6195
209
111
153
150
110
1798
-2350
-6144
2615
2665
186
203
-105
176
188
155
203
244
652
-4
6100
-26
-735
152
-1749
-105
-208
-132
-107
-2529
-133
-86
424
4857
27
26
-95
26
-2963
-71
4672
-4770
-64
128
157
1390
-28
-4068
1935
-7293
-36
-12
-113
-210
132
6828
4853
-5542
7
-41
7104
-62
-65
-24
-49
-4
336
-6289
3524
24
-769
-769
283
162
-7933
-2819
-8
-1573
-1089
-112
204
-233
92
-3504
3425
-96
-1395
-126
-748
11
423
-90
4304
639
329
7432
191
6
-4269
80
-283
227
6317
-7292
85
-81
3086
2788
6773
13
49
-27
4050
-148
196
393
8
181
81
-11
-66
-552
-271
-271
3908
231
2101
142
-1566
-216
112
-221
-3288
-4009
-3101
95
168
4358
-22
890
7
4269
-91
-92
336
-5531
-230
-167
-25
-25
374
-292
151
-14
-14
-69
-85
-482
-195
488
7950
-14
-153
-6088
159
303
88
-1053
-289
-224
655
18
218
186
-6504
-75
3883
7087
-6512
1768
-4343
7087
-2120
972
1109
3455
-4552
82
-278
325
-3887
203
43
-852
1122
-7062
-6078
6249
-24
363
-4904
-32
2031
-143
526
56
108
85
-3196
2858
-552
1439
176
348
31
-154
1077
-4416
1896
-1155
-65
-166
100
30
-89
-112
56
72
-33
227
-5008
77
12
131
-83
417
408
488
-60
307
219
219
-964
431
1106
-5685
5862
12
328
-184
-440
-16
-104
192
6103
29
-6831
-260
419
-660
-130
1
278
-107
-82
-244
-6027
380
3755
131
596
-125
-172
-172
5
1079
-36
6224
1663
4294
-235
-1563
-36
3384
-6
-1089
-532
-26
460
170
173
-734
3028
343
-79
261
-164
-22
-245
-5442
-491
284
1865
-44
195
199
-243
-133
191
-4084
415
169
480
-2123
4172
35
-37
223
532
1151
201
-456
164
-2156
3830
-30
-1949
55
-44
363
-7422
-25
-2
292
524
-43
-167
-2712
-671
80
-510
145
425
896
924
519
-77
-590
7654
3665
-3
14
-5326
267
-31
3957
-81
-1274
789
-93
302
-158
-149
-155
218
-6699
-43
-111
4
-4154
111
1976
-416
-872
-87
1605
-143
306
-79
-273
-1017
-40
35
-417
-69
-613
333
5472
-7946
-2864
6753
-5272
-82
-534
-2558
-138
2818
2884
3798
-4
23
-174
27
-207
437
843
130
267
-44
-42
-92
4919
-7790
789
351
-3337
-2073
3199
14
-7149
6847
-3682
-365
4078
-107
-140
-23
-81
-5905
112
311
-466
-555
454
-69
353
200
21
165
-427
27
-80
-12
45
244
216
-260
212
-314
-53
82
94
-6630
91
-1117
54
-134
677
-108
-2415
-6072
-77
-167
-22
-5188
94
690
-687
-49
169
45
7884
45
-112
-1
5478
7582
-2371
2915
96
-66
2185
1083
163
1848
228
242
133
-348
51
2156
82
-6672
-127
7014
7534
-42
-4312
313
-547
-1332
628
3580
687
145
-101
-3788
-114
-6597
420
1889
314
-1323
2154
-3364
-7
2849
-256
388
-52
-1970
-5357
-43
-84
-6515
-228
-6934
-67
-7217
651
-220
52
-7004
-56
123
250
2193
321
5970
136
3119
366
194
572
-391
4977
-2631
-13
-593
104
6176
-4955
-25
-746
41
65
49
-232
153
-271
1692
6028
-121
108
-7354
-6564
-80
5040
238
6259
142
-396
131
157
1943
-36
-6383
-168
3903
-3413
86
-267
-200
5
1
87
7988
-264
108
-462
213
216
298
298
-124
-29
-6666
104
1863
227
-355
158
-308
-1877
-69
-76
6680
200
-105
5030
-166
195
-74
-354
-134
6123
28
124
-215
-297
17
-91
-148
36
-367
5658
4289
-3978
1070
-317
-2278
-37
-77
305
-23
-7937
182
-324
-151
-13
-331
-3617
281
-106
-1697
389
-6230
219
-5217
-355
215
114
-2282
3816
2467
56
263
11
-36
-93
543
38
-40
-152
3368
30
-91
-48
158
-56
4805
-4908
136
-116
5488
7577
298
784
-1115
266
809
-159
-13
-31
-147
-5791
345
1051
-117
165
-16
-91
470
-280
129
-110
-14
-2380
582
131
298
267
790
4172
322
553
-119
-550
314
-718
-165
-112
-77
104
341
-307
249
-340
-369
13
-188
438
218
-618
50
-174
36
4650
1241
297
286
-96
-117
2229
-76
-81
-277
-68
402
708
-3748
-97
-25
353
-14
4990
331
29
-534
49
-25
116
194
-54
2
4772
-214
-1049
467
9
545
100
-5571
2286
-5
243
-284
842
3714
6045
4968
-1205
21
-814
420
-12
318
-149
1107
346
6603
776
2489
-3917
-254
1188
6056
2
-106
108
-66
-102
274
303
303
2
3857
-202
397
-83
-484
20
8
-286
-42
-355
177
-96
177
113
-469
-3718
3188
-203
-82
-167
186
139
-6241
-343
240
-33
215
256
327
1897
-425
5707
-18
193
193
236
143
-56
-125
1918
1331
2090
-16
160
5469
5377
-1101
-412
-203
2854
11
-575
190
5611
623
231
-9
22
19
268
-65
-65
-65
320
2159
363
110
-74
-22
-5279
-4148
24
-19
179
-22
88
269
-168
7784
516
-32
317
-2638
239
2415
-38
119
-1418
2
200
4095
-1813
-154
566
-147
7110
724
86
-706
417
-3
511
320
-351
-7155
74
12
306
-15
4296
-2171
-4875
6031
5285
6884
-4865
-12
552
-145
7079
-25
219
-382
18
-7919
-361
-145
-5398
999
2224
3501
244
1402
-206
149
-839
338
656
79
241
-1818
337
4382
-2475
811
-335
1280
-123
-14
1362
3430
5413
-466
177
7146
-7485
-13
6096
-117
-362
-197
-1484
2544
153
331
82
11
95
4
4
389
-467
-40
-312
214
4678
438
-41
230
-2132
-253
307
-3
4744
-49
145
-6396
53
-9
4187
-110
-50
111
7884
1803
-4667
546
268
-6162
3294
-8000
-6495
237
104
-4219
78
-1459
243
134
-5628
7299
4320
5
727
-5128
231
55
-3825
-5507
422
-7734
160
-6450
-162
14
-92
-32
-129
115
-6077
20
7809
5806
-3915
-4799
4688
-861
15
-135
-11
252
61
-75
135
135
135
30
40
234
125
232
232
-34
205
62
56
-656
115
-51
-1298
258
-784
4822
2270
6349
6300
-65
-185
583
2609
40
917
-1347
6172
-4
395
-5200
-2276
-60
76
45
-2198
21
189
200
520
-538
163
-110
40
19
208
374
-7244
7176
17
-54
-6293
-5627
-2417
-11
148
4381
4189
-6771
52
-6437
102
-4
-3513
2472
1186
7518
-1047
1402
180
-102
155
108
104
-40
7966
-2018
-6740
-86
85
-4551
167
3490
70
-213
3584
227
236
-2262
-10
-5023
5
285
-43
-2074
457
-24
-5447
25
-3897
-3897
1224
6020
3070
-4779
-30
-133
58
-79
386
15
619
-76
6492
207
78
551
326
-682
-2472
-7319
6772
251
-782
1719
-3223
-4727
280
-1240
7156
-1240
-1240
153
153
-133
-5257
173
1535
89
2458
-1013
-27
-5697
2615
5054
-379
176
2297
1806
167
6314
106
-4610
4984
-1
135
-291
127
4782
5030
6863
-2100
-1
-5364
87
-1656
3963
6323
7841
5173
6577
485
-4021
-4021
-99
-26
-81
-5728
59
934
-6462
4873
-107
934
80
-7545
7296
7296
-4102
-32
1294
3335
3661
3661
-82
1214
953
3556
102
21
-39
-607
271
-672
5108
-2
13
244
-2265
329
4731
142
-6187
150
60
60
-182
7869
369
170
40
-74
3378
-3222
3290
-7777
7429
17
423
92
-147
43
-4204
67
102
-5762
-214
-2478
-2478
-2478
118
-168
-237
-3012
-190
-299
-5216
296
-14
26
268
7559
142
55
80
-3060
-229
-103
131
131
-79
-5200
209
29
6
-1176
3079
6587
219
286
-4088
219
5470
-28
6381
-42
-16
-7
620
-98
197
-2742
227
-42
12
477
-5508
394
5190
3481
20
-7997
-522
345
-109
894
136
-59
4707
13
3900
-2190
43
6663
-6937
65
4401
6426
728
-40
195
-710
3971
946
131
-7082
131
-2638
7504
309
-7
314
292
364
282
381
355
372
372
372
274
362
362
319
351
317
369
386
386
-6752
353
292
290
3008
387
292
340
387
340
-4084
-4084
359
-386
262
7978
-21
2659
-73
2680
87
120
223
432
176
-2932
6085
6
-45
4679
-1737
-4710
-3119
-4733
-4298
1451
-5414
-80
-4956
-7589
7262
9
140
-7983
1239
3417
-1637
85
-3536
3382
388
116
-981
76
-333
244
280
-7833
248
169
-24
-82
771
102
402
51
17
-42
-888
3195
684
158
-325
-554
3372
129
265
35
1474
-3
-127
-26
4644
146
172
-1708
65
-6
-4157
264
478
5857
-6
-76
-31
196
159
-234
192
-5745
187
6997
168
7482
126
-106
-1689
482
9
5530
-372
-31
-6684
365
483
811
4860
132
-196
94
-88
-210
-998
64
94
-998
2
7589
45
397
7547
-985
-340
14
-3312
459
-95
-7037
3549
-4195
6623
6623
806
72
-2546
-6238
6069
-2820
55
1943
-725
129
358
5033
5033
-42
146
-6111
113
-26
218
-28
270
18
5652
2934
117
538
28
-158
63
-537
-6772
108
19
50
5416
50
-4516
113
407
4939
2395
485
674
89
-33
2477
79
4421
386
456
186
162
99
-103
5640
7915
-5972
20
-130
-4461
2581
485
-12
50
124
-25
-453
-25
-21
-73
28
-7328
-38
-38
-38
-759
-5068
7
4879
8
-340
3
-3850
-12
-1509
-3206
1565
-1630
-1630
-1630
2101
34
-43
12
57
-5221
333
7122
365
-1600
327
344
376
378
-4543
-4683
5686
362
359
380
344
271
435
382
264
360
5626
-1955
331
286
379
352
345
345
-245
346
370
385
382
295
349
416
-4378
264
223
365
298
328
-799
1090
4155
-89
41
-319
-2743
155
248
875
6732
6778
206
999
261
224
-1443
707
225
173
4887
-323
-26
-4
-54
11
163
-16
8000
859
387
249
-476
-2681
-108
-583
-23
129
-103
4474
423
45
81
-674
130
132
355
-4829
382
80
-230
-167
-9
346
2976
-6361
-773
4329
-111
3756
14
-640
-6480
-3245
7773
7222
-6749
1594
-5002
-3883
2895
298
18
5373
60
4829
-229
-4916
108
4680
93
5012
2043
-5246
5012
-5246
7144
1308
-2457
-23
703
-3737
1768
-726
-17
53
-2043
7808
77
-613
215
4827
-37
-23
-620
269
-548
995
-113
-447
-156
4
-154
-108
-3018
-1820
-464
299
-902
-6
-3147
2798
157
-768
107
-149
-173
-7695
-180
-7695
-15
144
85
229
-2159
22
-85
-560
471
-349
-49
281
-58
281
-776
161
26
-25
-152
-152
-98
1031
-3977
-212
96
32
-7961
7331
-7098
7894
19
-961
-282
-12
-242
3176
3921
-7
-47
219
7987
-5755
5366
140
6848
243
243
-62
-432
7998
227
83
138
192
7106
-3185
1787
-5525
-6618
229
180
-468
-18
-118
-5858
-168
-130
21
3979
-7971
-7036
341
6427
-6252
2594
1515
-5126
806
3382
-15
-1
-194
-128
132
137
-4397
112
4686
4285
391
43
-351
-7605
6512
384
4173
-77
-1403
-1
8
-6312
-65
199
-357
130
7946
-323
48
2774
48
-47
-47
1775
1628
60
7352
106
7119
424
74
147
-95
-10
2097
296
-414
-49
-76
6545
-4749
-7333
1047
91
-3125
-1670
-1670
3396
-7464
-555
185
173
-5028
5806
-111
1727
414
-4689
-558
187
-768
-5590
921
-3571
52
184
52
-372
399
-10
484
23
-1609
2820
2821
1777
2453
-2046
-1630
-1636
-1527
-1256
-1307
-1243
3277
-1217
-1195
-1297
-1326
-6483
2064
-6182
-6240
-54
1
539
-5058
-4128
3536
-4128
68
-30
114
3051
266
6449
-6979
219
2516
-69
734
613
198
613
198
236
228
242
241
252
142
195
-187
225
83
-2
0
0
-76
6838
-81
31
-2311
182
1495
163
-6
-612
231
218
3128
-5401
16
16
21
-3798
-476
-12
6
85
761
-2872
-8
106
1059
-1480
932
932
1051
-958
-112
16
6552
3778
-4066
-4904
7805
3794
1262
-3773
-221
268
-6655
16
-56
6704
2902
-820
94
30
-6138
345
581
310
-6670
-56
-1144
-36
786
413
92
455
587
5476
6912
-76
6293
2878
4844
-1399
-21
-3030
44
-2
-370
2101
-1034
-370
8
1051
2922
91
760
-15
406
1042
84
295
925
2457
-250
-35
-17
-113
211
36
-162
4136
-4394
-198
245
-146
138
-76
-13
-106
41
-1834
141
-8000
-1788
-7427
4040
192
301
15
-355
-1
702
2386
-182
-3485
-301
-255
-7010
-534
-2822
-7568
6222
365
20
-6462
-4718
-3043
-5050
4719
1707
-175
2568
-353
815
1526
6265
-7941
22
-3428
-77
4638
-932
-2884
-7119
45
3311
-4080
-19
121
53
-56
-121
-458
-1096
-7584
1186
-7302
76
-169
-5708
4824
-66
-5253
7835
4623
-7020
565
-8
4336
-1456
-141
3736
-1155
58
140
-1600
-734
-118
-7207
-234
45
-3155
823
-5547
6193
252
-4664
7257
127
29
-2126
6472
4395
-4534
362
-824
710
-3704
-3
-447
-5044
31
205
-5682
4118
-4474
-73
-36
-2587
305
177
-62
-590
101
6826
137
7811
224
7053
424
-1239
-665
317
-36
-56
3425
288
-560
659
178
-3705
269
311
-3212
83
4217
4114
-220
3094
-87
2855
-220
514
-7443
749
7656
2855
747
1297
3970
3152
2050
76
-4201
223
113
2004
-1639
49
49
4662
-1215
1376
-5674
-15
2250
187
-6472
-7101
-315
855
-315
4395
6668
-6864
7444
4858
5047
-9
-86
-9
-1663
-17
169
-86
-86
-172
-106
335
361
361
-109
316
-39
-53
-53
-2098
-67
-77
-24
350
462
441
-30
-24
-91
-254
-91
940
6188
-3259
-7276
423
-36
-137
171
-77
-77
-16
437
-328
119
102
1632
79
105
4560
-2315
1351
384
4758
-6828
7681
-7796
351
145
-7872
-520
188
-955
279
1678
3541
3541
-4921
3120
1678
1674
6846
-2930
24
240
7866
-1585
6581
-6441
3479
2334
2030
76
-6758
-6758
52
5817
27
7565
2424
7902
-851
5845
-6
5419
81
2746
-4457
-1511
-6925
-5151
-2123
-2226
1420
462
-4238
350
3313
-1759
104
104
-115
-6403
4683
800
6987
478
-2119
64
1363
-912
6880
-2850
5325
-3242
-6491
7000
5969
297
2549
-803
-18
-18
-724
2235
-383
6094
49
1200
68
49
3896
-6759
299
-2987
-6119
5699
210
263
7716
12
22
175
192
-118
125
31
59
7187
130
130
-924
-4678
252
102
205
141
-2846
380
168
168
168
274
274
125
257
223
-5973
-5699
-5973
148
-4215
-4215
127
89
211
-5383
196
184
226
-6724
188
188
334
181
196
7047
160
334
7047
129
391
223
132
223
311
2160
-40
-35
12
48
-13
3188
339
353
-46
-46
257
257
257
7
-2970
-5551
180
-6420
910
-3493
-544
117
190
117
-11
5731
219
-3356
461
-2135
-154
-466
-854
-15
400
7308
362
-50
1643
-4560
19
6616
2493
2813
-2255
350
-4562
283
-6217
-4016
-6998
-8
-528
184
5268
-55
116
-7
-3104
266
131
180
-379
314
-123
-201
977
169
-290
2
113
-310
5206
4747
-21
7040
-7194
-303
-10
54
-19
214
4847
-3135
-117
-36
150
-2735
166
257
90
80
-111
-211
-2047
256
-54
6295
1992
80
-1745
-124
399
-745
253
-10
301
4724
4724
7998
198
-79
-14
4043
6689
790
-184
-419
237
-109
238
-11
-73
149
96
650
33
-59
-12
49
-2343
-10
-7988
241
282
-427
241
-8
209
-84
-268
476
-431
-67
31
7031
-216
-54
-136
113
2194
-5286
-246
7
-248
-82
-572
222
213
-3860
-376
-78
-6228
54
-51
143
27
118
-28
113
-126
-6836
-156
-83
191
-4902
170
4957
1165
-5425
5009
1
721
-45
-7037
2061
0
-2847
-511
228
93
59
428
-5448
-45
9
-1649
784
-143
-6
-45
102
-421
238
163
-22
-335
-636
-677
2733
-182
-89
-52
326
3537
3452
260
-76
364
-195
-76
5338
442
7136
425
5847
3530
869
-15
170
-100
6414
193
86
-85
4351
-6181
-264
2371
-1248
431
-5368
-52
-3025
-237
309
-504
79
-327
270
247
-327
-134
501
-111
7545
-1018
440
219
269
833
-7006
-70
-10
-10
315
-170
140
259
6
-85
-127
122
17
195
-113
-13
-204
644
82
1800
425
14
6789
-7001
169
228
-597
303
143
-7949
549
228
-6516
52
-38
-113
-96
-313
393
149
-343
238
-2057
-3409
-7280
-107
-120
-69
664
664
241
229
883
-174
763
175
-28
157
157
-3231
137
-7484
3896
-507
-65
-65
15
-27
-56
-37
-65
304
-317
358
1108
510
-902
457
-79
-281
-1959
-210
-20
33
846
476
51
296
1660
393
-136
487
47
-98
-1061
-120
200
766
-34
-40
16
-41
-1153
190
-81
-130
155
-601
7658
744
-244
426
-59
441
-85
-74
358
-6686
170
-455
207
1281
-921
237
-42
-540
178
613
456
-7507
-518
226
506
-2123
-5325
4718
7999
602
-79
792
89
-48
170
-7
201
-3882
115
215
178
-50
-7921
-21
-55
-144
-2417
7256
8
3219
20
-26
20
143
-514
108
296
-31
-255
1046
315
322
7598
546
-70
232
640
-51
143
288
85
-1168
-7384
-146
-264
-1981
869
-97
39
149
131
201
-57
99
299
342
1913
-660
214
-59
-61
-1473
2409
392
6740
203
7501
-482
3701
-7669
1556
-3490
-23
-280
5014
-5823
-6092
169
-140
-20
-1302
260
437
-4
397
4499
4679
-6015
3468
-213
65
141
-5272
-84
2343
-109
-445
273
-6720
-232
-10
-3696
-4673
-4
-114
6822
-13
7029
-113
124
-4279
4412
192
-5
178
4350
4229
-373
12
-26
-3997
-23
206
422
486
422
192
1241
-47
145
920
238
-2617
-936
49
213
40
310
50
207
-2019
911
1238
1563
1878
2238
501
-4829
-7141
-504
-3839
-4093
-81
-103
-103
-195
3285
-4572
3598
7624
7624
2817
-6233
3277
-214
-6233
-63
-3720
-3834
-7964
6009
3343
-60
-224
5996
-6134
1527
-7739
153
983
-584
-23
-581
4324
-6665
276
-5351
408
625
-866
-62
-4
261
-2
210
276
79
331
-15
-3042
-15
62
5283
445
103
-130
841
180
125
87
241
-162
3492
554
233
-106
-30
-80
8
185
-359
1331
-85
-85
-1452
1331
-2763
5457
-7730
-1354
297
-117
-4527
2303
489
707
-19
672
212
148
-108
-431
174
359
363
648
111
-5635
-3360
6254
-347
5720
5756
-7471
6086
-2
-29
-48
-930
-102
56
-7908
49
2
0
-30
1462
442
1171
156
-32
1103
6365
1
-2345
282
264
-1140
1748
519
-729
328
4626
53
-7570
-245
-19
187
1756
2084
241
-48
-369
69
-88
659
1079
43
181
8
381
2537
4347
-301
-6855
-1060
773
2989
3162
-7670
7287
-1416
230
1110
-73
-22
-81
-57
560
-587
488
263
-107
24
1109
-345
521
2341
526
-22
-59
-107
2
177
-29
-11
-1210
337
278
210
-319
211
5446
-88
1126
-177
-4921
5840
-31
197
-306
-60
-48
116
68
7089
794
224
-3473
-323
200
151
-102
-6497
4775
372
119
192
-3904
233
580
256
-28
886
2546
11
36
218
1732
4844
282
475
118
-698
31
7879
-1021
266
57
189
1845
741
53
21
-58
-667
448
29
-11
-459
110
288
1484
-7379
-409
97
-6459
234
94
5324
251
-4795
-52
-664
349
775
3645
272
333
1280
171
6368
51
-57
197
5655
5304
-36
3135
-74
-13
-346
806
-204
168
209
-112
-21
1277
285
-6132
1885
387
268
-4862
3
-333
-243
380
-1150
-10
235
-111
-705
-45
-57
5350
-3852
-6008
-20
482
-656
-192
-44
26
-5946
-179
95
641
-273
36
-23
-23
193
-7981
619
-19
-216
7617
1406
-138
-6038
6753
142
211
-38
-410
-136
482
144
4754
-1319
7899
365
-3632
7312
-31
-235
-7963
-4818
163
65
-6218
56
-2573
1495
-5259
328
234
234
-3537
-1451
353
-183
104
104
260
-2786
236
-3414
-63
-667
-188
6373
-568
167
-372
77
3063
466
468
595
-100
234
-39
457
3701
492
-156
-71
342
222
108
496
496
-24
-937
2018
-221
161
-94
-7598
260
4980
6246
295
94
-9
5042
297
7853
2152
-1129
6777
401
401
1499
370
-58
312
-28
48
109
158
78
-20
-78
378
-588
-2197
287
7855
-5050
45
126
130
411
33
22
-3208
-211
7851
179
-23
651
-77
-7778
258
636
-198
270
-39
4729
757
301
21
-44
-1898
-2496
-890
-4286
-1507
-7963
185
-145
-7612
-132
2409
-116
-33
-31
-5690
-78
101
45
203
-7
383
-116
263
84
-85
542
-416
410
117
-196
7681
-168
-107
5894
-13
-172
-93
-2813
128
-642
-667
205
7024
-94
-963
85
176
-22
51
-104
-199
264
80
-107
-7382
855
-88
-98
14
291
300
-634
-2126
-4420
-962
-1162
-627
436
-41
0
741
7339
198
2365
647
-119
296
-434
95
-68
568
29
-427
313
20
-72
-110
-217
-7420
2893
4109
-112
-300
553
-751
550
3633
339
-24
7181
-3
-308
6346
190
556
-40
97
-107
12
51
5355
318
-5001
-6519
-439
120
803
-81
164
-1959
78
233
6
195
7865
497
-136
148
-3
-67
-7598
167
-114
-112
-70
-42
-128
549
131
198
281
996
4200
-7503
-5236
-45
-1033
5530
2536
-29
6824
2297
-30
-84
-2374
-118
5549
-1121
7308
628
-74
-230
1167
216
-323
7923
-528
65
512
22
108
2725
605
3418
7998
3142
91
198
-188
-188
80
104
274
-8
-484
-7843
7788
-89
95
-3497
970
-194
99
-111
-1706
-2645
-17
-423
230
-936
-180
-101
-115
7863
-1377
-3978
506
534
-336
-109
304
658
-6162
286
-733
-25
190
-73
113
635
-208
-75
-127
-55
51
-471
62
5448
198
-5600
-6633
-1233
-41
-84
-75
-44
311
-823
984
-141
-5627
-3748
-4194
161
-126
-1496
-2871
-5187
259
-3871
-10
-6649
-7744
-60
290
-586
-205
631
-50
4488
-234
-3448
1896
-5346
179
537
100
2897
2880
2955
-20
-90
1895
-3877
-5516
125
-258
209
156
-7915
738
-130
826
80
6921
342
-7061
6445
3
238
80
53
119
80
-241
6011
5510
-4919
-5939
120
6173
6418
-1088
-149
4156
-17
1008
512
88
1931
-186
4171
-1889
2152
-90
992
1071
7980
-6386
-7487
7581
-59
-7151
-7415
6949
-31
52
-54
2208
215
215
26
3741
-7534
4632
160
-83
-7978
392
138
92
-68
4824
-866
687
176
-5254
-563
560
-1507
-84
-133
4221
328
3290
4012
-7694
-160
7990
-2639
-8
133
-2704
-7257
890
481
167
149
-5723
5372
7711
642
59
-188
-1265
241
-137
-225
-207
6943
-25
12
166
293
286
-7988
-888
-334
142
-37
-2143
3797
-4922
3923
-1938
-6743
-7808
-4832
-5693
-4229
4700
-23
6314
-7392
256
-15
13
-148
-48
156
242
62
124
975
7324
268
7563
1036
3664
7
-6621
-66
433
488
-110
447
3753
-39
-86
51
-3678
-712
-3678
-5463
-222
-3665
1173
-563
117
299
275
66
66
4561
31
-176
80
1442
23
6194
6194
6194
427
-494
79
2458
30
300
359
1821
-4910
-4910
262
-40
-5084
-89
-90
-77
2363
-134
-6855
1510
-29
18
-5114
178
183
-352
-33
167
-3
7793
291
344
415
568
137
2649
-6350
-24
196
178
-6420
-7320
228
-118
247
-6385
-1073
-12
16
-177
194
1601
6
-132
197
-2312
252
-500
-7289
111
-115
750
12
-1130
437
152
-7759
-3161
2661
-153
118
-409
265
1364
441
55
-105
180
7527
-184
1794
-44
302
-6050
238
1373
-513
6
6
-23
28
-391
-73
364
317
-293
4207
130
-400
2281
-5881
173
-113
37
1410
343
86
213
297
-55
146
204
932
-91
780
152
203
5398
3309
-6
165
916
-3429
-319
536
2687
-510
376
2317
3618
3508
60
3176
2704
-333
34
171
115
-3724
990
185
-48
146
-353
197
85
237
-7705
1625
-233
-3583
6771
-1653
-6859
3798
-3960
-97
182
-358
-84
16
-7002
132
3379
-4165
-264
-13
187
92
-1139
7736
285
65
-143
-10
117
294
-104
-63
3496
-1019
-115
82
250
7847
-4177
905
5978
5228
-461
295
2322
108
-6050
-60
146
13
1451
7912
121
171
122
131
32
150
265
2571
401
437
211
74
-76
285
321
100
5797
-3922
165
19
-31
176
182
2944
32
6925
201
-104
3575
-16
949
57
-1172
24
-736
24
143
-215
266
3019
144
751
-1000
-169
-39
-129
-3668
-19
-121
-121
118
5361
11
-90
22
1543
350
107
118
-17
234
5317
79
103
6258
334
-56
26
-383
278
-115
-79
-1309
-2549
-4124
177
4975
116
233
-388
801
208
-109
-128
895
372
417
179
-77
155
409
-140
-7218
390
-47
5378
12
129
5155
-42
49
-103
166
-64
26
90
-2353
-66
7
81
-39
4657
3
-12
240
-3
212
-6329
2577
4722
60
6660
-7950
-6160
-4014
3884
-2429
-13
348
348
1180
120
38
813
7370
7871
6960
-49
7871
7141
-5619
4613
-3276
-4206
-100
2067
23
115
-6527
8
92
-339
-196
86
2559
-3841
70
474
869
5424
-7360
273
-59
334
-58
8
177
4643
51
223
-2
-114
-4013
-1121
327
62
7883
-5702
-87
85
485
276
1301
-194
186
-42
-6
-81
-6999
705
-4
-211
125
-35
20
3300
398
-4681
-235
-5
-44
-122
519
-548
279
48
6564
6032
-63
-58
220
281
-5087
-180
495
-699
4432
-381
139
92
83
998
-32
161
-601
-6972
-115
3427
2993
1008
-127
-116
370
-58
-344
2925
81
187
46
1659
-2202
353
115
-4301
-25
-200
-370
105
374
608
-507
-1039
814
-1039
290
-76
-5855
2478
-390
224
-109
4793
-109
-175
2
-230
651
-6085
-670
579
387
2784
-1310
170
-5201
-3573
-6154
883
867
-833
114
-577
199
130
-62
-7904
115
229
-13
-176
18
149
4932
-13
-136
6630
-5645
120
-124
-4475
20
-4073
-154
850
-57
-55
15
175
211
180
227
-95
448
339
-428
144
7992
3676
303
6443
122
-1797
-25
28
210
1507
-63
-1611
-6419
-11
135
108
300
-5192
-5192
-4094
-4992
-386
1794
269
269
-6611
3065
1509
-534
-96
-3845
-3557
4159
292
-1
-7218
63
96
-1587
238
17
-515
6661
-88
4929
3078
-2336
-3008
37
-86
-78
28
-5130
-99
6806
2175
-4910
94
298
6523
-52
-92
-89
271
7060
334
-22
-187
501
-922
853
-139
93
1006
1467
1555
22
-7373
7719
-5616
-3787
5442
249
-6543
657
380
-1802
313
688
310
-1739
-6435
135
-944
153
184
-6435
289
136
-2188
1622
5169
405
-118
879
-76
-104
-58
-35
-86
-362
243
2005
243
41
237
-656
3342
1561
680
-6461
-47
-47
-20
-27
-113
322
-32
246
-930
-84
-3146
-1345
543
273
-131
-131
-131
695
241
4676
1309
5565
-6844
562
-199
-67
-70
-4967
269
180
186
4788
6493
433
350
94
-269
48
292
-399
7015
2100
255
-373
228
4368
-2678
162
-6146
-10
94
265
-20
-53
-43
168
-227
-35
-1136
397
48
-88
7847
-5918
98
7899
427
395
6
-143
-2493
-2860
54
4063
3172
-3520
-8000
149
-63
91
-222
-92
5379
372
339
536
-567
221
1408
4385
2775
-6818
201
2425
-35
-2460
501
49
-6854
-82
-174
-138
5
1031
79
-82
393
255
-120
82
-34
348
-3384
40
-108
-6996
639
707
136
5134
1281
205
-109
236
-68
346
-261
168
-30
-7785
-466
-5874
1160
-86
-206
4223
-44
-118
-965
462
136
-3203
-463
-5690
1839
-704
3965
237
-335
-693
376
3
7408
-2
-18
3575
-1625
135
118
691
-948
51
5696
859
2580
-1996
183
345
-59
246
489
-141
5668
91
-5978
348
-5396
3681
245
50
-167
131
132
-948
180
-927
885
1443
302
-3983
-5115
-468
2262
5617
-161
-161
127
-82
-48
-4434
196
-447
118
85
5043
-11
-5
5695
-1449
55
202
-13
26
92
-5356
-319
-46
-7659
-2046
83
293
-398
-5
-97
222
458
-259
946
-3693
-22
-5715
28
-179
408
-51
116
-5249
4604
-5722
3584
7399
7973
-85
-51
585
-4261
1443
5422
587
5427
4616
-231
2103
606
4286
-148
-14
2258
27
13
-7312
7841
-3362
-6420
-1458
-7539
-3243
7945
-3371
70
-6019
-3624
-1039
68
7743
7452
343
-5550
-7215
-5934
-4790
7091
3203
6080
4860
-3378
-22
-39
303
4146
-7828
190
-7065
266
28
3340
-4877
4524
-1
-452
349
123
-2474
-2070
-154
115
-5827
-90
-211
-43
-943
87
-3248
-83
-83
-83
-3751
821
-930
106
4624
-25
-6048
-31
7283
-262
-157
77
-18
32
-29
-254
111
-191
96
-35
-5726
6464
461
-35
1306
-356
136
302
-44
283
7232
-80
-33
-663
327
-20
108
48
579
1100
117
-53
290
-17
-361
74
-62
7750
165
765
-964
-69
-99
5043
-76
-41
184
238
-5304
195
-255
8
83
39
-5084
-488
155
-36
3018
-617
3605
-36
30
6414
164
-139
1301
160
99
-164
306
-7001
33
-3782
-61
787
50
-172
-5020
1301
1077
-370
279
-348
-4758
-25
-24
-38
7502
166
236
-7317
396
-117
57
-50
-464
-4975
7509
209
-7494
-150
4002
1553
2648
4638
281
-506
-85
25
253
177
-123
-4414
118
-3273
-150
-147
5
1639
59
5618
5127
-110
4764
2492
-107
7090
-268
-79
-74
-44
-92
-52
15
422
1551
227
-219
2516
2758
-219
-2928
482
429
-5515
185
-181
80
693
-275
2750
-98
7595
-150
521
37
589
79
-82
617
103
-50
-509
168
-103
-249
-5029
-218
103
87
700
-83
712
581
-1204
171
205
181
181
4359
139
3670
2133
350
115
4984
-65
-81
-69
255
-121
265
475
57
274
116
-7441
-89
-3172
212
291
393
577
-5443
-106
-425
-35
5013
-371
542
-7754
2792
560
761
100
-1043
-610
170
68
409
-3737
111
-381
13
-140
4631
501
-102
1
483
195
79
272
-3520
5310
-132
-302
950
-94
84
-7910
-35
288
-172
-3
490
-14
340
166
-136
-436
-14
-26
53
-117
-18
240
-102
132
-26
-117
154
0
64
353
36
-40
789
-42
121
-42
157
305
-27
-12
-78
233
-328
54
424
-1084
-415
889
371
7529
-7135
-236
0
-59
449
209
-5127
151
22
782
78
84
9
133
-1490
-2578
-7560
-1603
-93
1326
-7765
3521
-7641
-7582
5068
807
103
-337
223
90
5898
55
1974
215
-4582
-492
-1614
-101
10
234
-6353
-280
6255
-116
8
147
-4612
-68
-583
-98
-6
113
-6622
-5163
-88
-466
-77
-4517
2068
49
-1773
4967
395
4817
-67
-58
342
111
-7366
-42
1546
6355
-208
-1562
-7
171
193
62
166
265
4814
-1068
-21
652
-77
96
-133
3691
2861
1473
633
27
1537
6
23
-30
93
18
16
-156
88
79
-442
-442
-247
26
3076
52
-13
-1641
-565
5792
-37
-61
-48
-78
-7352
-37
84
84
3644
-51
19
82
128
2148
50
6
-19
897
14
152
-1253
-58
-2891
-20
194
698
-46
63
-733
-12
6066
6
-177
60
-55
-1525
169
-4371
-1551
284
-447
-1570
228
-448
281
866
1083
7935
16
-103
2813
-2938
-5
-68
101
-264
189
707
-386
153
3982
3848
-22
-250
40
-69
617
74
-77
46
-136
-357
-40
527
232
163
-122
40
-98
187
302
-490
209
-359
-324
325
-149
-6532
-900
207
195
140
345
351
-472
201
-301
-46
248
-33
3167
149
-33
812
234
-725
-109
200
-50
-17
336
-164
1928
108
5709
257
-88
159
206
258
-17
290
18
14
35
3301
261
-610
175
45
-2354
-36
253
4964
-116
446
183
-1768
145
310
-5241
213
178
-90
-44
2821
177
164
-231
46
3984
-6545
-2152
911
234
-7969
-149
445
-6
198
58
-136
-78
312
458
38
1240
4219
97
-341
159
177
184
28
752
189
148
6200
-4655
138
138
-5245
224
138
14
305
-80
-58
4962
154
-87
19
122
114
126
-3866
240
191
45
-97
-36
306
4950
-18
-77
51
23
766
-84
-83
53
61
-254
137
-1983
-33
6234
-544
-4844
-6059
2480
6998
1513
3032
162
-2937
143
-164
-7804
7701
-6982
15
15
-4227
-1108
-3236
157
112
-143
-32
539
102
211
-28
373
-535
-179
186
347
-2107
6455
124
-313
-2765
-6710
202
6660
-6849
186
19
-3
-40
6938
14
27
15
-44
209
-31
-78
-21
-113
-291
242
349
465
372
-3914
7093
388
133
43
-827
706
54
-5345
-7717
46
68
-14
291
336
-1380
-742
-6672
178
16
131
-269
485
-54
-12
-86
-86
180
-3435
13
7642
-3214
-15
-1
-115
46
264
-4225
401
2133
100
-2654
70
6509
6509
-7708
1558
7040
120
-19
5030
-19
-79
-5514
119
-691
84
-1931
4
-5382
-262
-6628
6368
204
367
-4
-44
-12
484
1782
-2629
-2705
5814
81
-1199
6481
-123
466
7080
6481
-7499
-7499
5319
119
453
-19
180
-6662
-7989
-6662
12
249
-12
4526
-174
-486
84
-1512
-78
-2408
136
0
-2860
245
-365
-7
-321
88
-6748
4060
3179
6528
103
3179
103
459
-523
23
124
268
-160
-93
297
-447
-53
227
84
-404
-6840
-137
-45
-73
-86
1690
-1
2893
209
3878
-48
129
-71
77
582
630
-61
7887
-317
281
227
-99
32
54
7710
6958
-39
265
357
30
445
521
569
57
-7294
-209
5810
-65
165
467
-560
93
298
139
3701
-106
-6553
360
170
359
-4961
3560
421
-42
-4602
-62
819
137
-128
-129
35
294
-71
580
225
-4815
-1937
5119
201
-188
958
573
-6043
16
286
190
556
128
-4286
13
-35
-277
-2045
-285
-4506
7002
64
-6324
-3993
180
-326
-1425
-1033
-344
-72
-38
-59
233
228
5994
429
3169
378
-139
-13
-164
-3883
-198
151
604
-744
-82
-4084
273
-3571
2514
254
21
57
913
783
7355
303
-9
2
253
495
402
-90
-4334
2230
-4
254
-1202
-6979
-12
-248
7806
1174
-980
-6392
336
-3925
3957
161
-2310
-3713
-87
262
104
251
-7964
-86
-1231
6244
81
5585
-83
-315
2509
-6704
713
353
185
595
-18
-18
518
248
-26
-847
-19
23
-31
-226
6849
-3094
4468
20
408
-204
-108
6002
-1949
341
-5565
216
-90
6008
67
3097
233
233
-23
678
190
13
-6
337
-131
-1167
215
-444
-842
493
241
5846
-7700
54
-42
-125
-4762
-22
-7913
628
3806
-876
-76
-3753
513
-146
43
211
405
-1231
-43
-222
43
-27
1598
286
-7
-193
-33
-98
-38
139
-5763
250
2936
209
49
164
-14
-120
-6404
-65
-80
106
-264
-6634
84
6180
192
196
95
7490
-5794
238
-7917
-66
-40
-109
-227
-91
261
-669
27
-5962
3429
1829
-1412
-4780
3839
464
-104
388
244
1510
-181
-7609
54
2543
7840
101
90
90
-87
19
289
200
-92
-512
204
3849
-6568
-89
-7770
-28
-145
3946
-49
75
148
107
-78
-38
-5828
95
40
-99
6604
-282
-693
160
-6809
130
-75
3840
244
589
109
107
-11
28
86
212
-1099
-200
-438
682
252
-18
476
-173
24
553
178
28
2253
838
62
476
7495
191
50
220
55
645
-24
272
-70
1389
-1487
346
133
-117
1267
242
399
69
4746
339
154
-17
-118
-36
22
-124
208
-77
-2206
-18
-91
-133
22
201
182
332
254
-84
6152
454
6315
116
209
-4
141
4865
-3325
501
128
-5594
-6797
-121
-186
-123
-2623
-6500
-2565
76
6251
978
-50
176
-403
-59
-102
-20
135
-427
267
-48
446
-5238
23
-3518
-7045
4865
-5047
-3195
14
6344
-7092
-2563
-269
519
224
-31
150
1062
0
834
-21
-249
-225
421
-15
1057
195
582
-663
909
-453
-135
-4216
-27
85
138
164
66
-5279
-4851
105
35
411
-45
-1735
1300
-45
645
-7953
-11
-82
203
-1113
3283
-7687
-371
-6763
82
-6121
-1887
353
-1185
414
-3007
5047
-3809
418
-574
6963
-7468
-58
-45
506
128
-187
-33
446
-111
4038
271
-1722
166
-114
-60
-114
-25
-429
-4497
-1729
53
241
1
-40
238
1974
-176
-2085
128
352
-363
292
253
-117
322
-273
103
104
-2307
-7231
229
297
437
104
454
-3964
-98
-210
-4513
-120
128
-76
-5248
5183
464
-41
-107
112
365
6919
-916
140
-85
21
-116
1283
101
-812
1399
-64
-402
183
-27
-1774
-1998
7540
-153
7437
417
-12
-212
199
-2
-73
-41
5975
14
-2100
238
-498
28
587
45
1220
-2378
-22
-3371
4148
138
-5546
974
-349
-5171
-2413
294
2
2320
95
-582
157
5408
4024
205
4038
4020
-24
2619
445
6265
-87
4274
-133
-380
4735
928
176
-114
-85
-109
-6926
-6391
94
-1841
111
68
2360
398
159
4666
31
922
12
-2867
90
-123
4921
4367
1293
-3232
-2799
-267
225
-419
3776
114
360
-3831
360
265
2955
2955
-13
234
5981
6207
-468
352
102
180
-308
344
-76
-376
-77
-105
-1838
172
-41
-267
250
-66
351
3532
-3827
11
382
284
-1206
293
-107
244
-7337
7484
7124
-382
203
-162
3437
1925
-4777
-7618
-59
-86
139
99
-4091
99
3874
6
1536
1158
297
-6450
220
-621
123
3600
-105
3741
-102
148
-349
149
282
-33
17
-550
506
78
2463
-198
-198
539
-5116
-80
-6401
-44
-40
-40
-381
167
311
-188
-27
323
118
335
-7940
3052
196
-6412
-3551
7376
7723
-404
1324
-5034
-34
3965
105
24
-130
-284
-70
-5923
115
14
58
-6650
-2858
213
-4590
18
443
-132
-41
-98
-105
761
-969
-6539
208
143
214
-519
124
239
108
4921
6216
3352
24
-4387
-184
-36
-2877
61
198
-82
201
2132
-20
5164
-175
-207
-43
6387
-132
255
-43
302
512
477
-1742
-165
-87
580
227
1313
1936
478
-76
-458
223
412
50
-2465
460
129
170
-108
-17
-54
-110
38
113
-471
207
530
167
28
-66
250
155
311
-58
4610
27
212
143
-409
-94
-33
-251
29
112
186
-63
26
211
-4294
1685
-5537
61
292
549
32
35
-6087
292
2995
4961
1075
-383
-3260
-272
1676
-90
2748
464
-87
-35
-2837
-206
41
-261
-149
-83
7154
-615
84
84
1506
-20
22
129
342
602
-82
1609
204
1155
243
193
1555
304
-38
156
7933
224
167
-1003
-209
3327
-20
1300
91
-50
327
479
20
-146
4295
32
-73
-9
546
-6914
-206
198
93
261
-6817
136
-87
-68
467
261
-82
489
-6553
-112
676
4675
-78
-49
-5199
-41
195
891
82
166
98
-113
-91
748
-411
-1827
-116
190
65
-70
4558
6
-81
-7778
6518
-107
-856
-7413
760
490
160
3973
191
-4494
4602
-899
5435
-6026
-5839
246
2434
-4222
-7485
-3537
-6271
-4319
-1817
-2246
-7133
-5971
-5199
-4984
-4984
3280
-7096
-5180
1061
2102
2458
1219
-18
-7118
4163
-3778
-6010
-7542
2361
-8000
-7285
3331
-1375
-2410
-5426
-573
5729
262
269
-77
496
6181
54
-172
109
213
1395
5275
-4355
-61
-3115
155
149
172
157
6320
187
172
169
211
121
-3815
138
-223
581
-22
-257
186
5083
-1
245
584
-4890
384
147
211
-3923
4296
6480
-7517
284
-307
101
101
101
60
-156
612
81
598
81
7632
-257
718
2181
177
-297
85
2280
3512
-59
707
5362
-276
205
520
79
-84
405
-730
-444
198
547
-96
-157
219
-1912
-2809
4664
116
86
223
-462
-84
18
1550
48
355
1564
-5308
410
5279
-273
-7
-50
-6026
-5078
292
6836
-6075
2215
5407
3539
221
157
-269
139
338
150
677
-1860
171
-6393
381
61
619
407
203
916
318
1901
366
38
-715
-41
-56
-75
-91
453
-151
-57
-4947
2122
5032
5363
4418
-5532
52
1799
735
-5835
-109
-3277
380
-6354
5287
131
-416
179
823
265
-128
108
-36
-30
164
1389
154
-3463
4205
3388
96
-213
-20
-324
-302
166
-146
-5334
5051
-89
-1011
-53
399
145
-38
-1664
-151
6
399
-113
257
124
11
-64
6719
729
6426
-4674
328
1772
437
-189
304
-100
89
-1367
914
-180
-446
-29
-4877
4052
-471
68
255
6959
-1028
-2746
118
264
488
-32
224
-56
71
-5800
-99
-97
-3
-1492
1431
-86
417
126
7179
329
-99
-62
606
0
242
29
579
102
-88
8000
5614
-276
261
-658
153
1527
-13
-6614
755
54
-98
-31
-44
610
-927
189
199
226
91
-231
2631
103
7294
-233
-7605
20
301
11
-10
-5703
-102
273
-2680
2557
-843
151
-80
250
245
-188
74
579
544
204
435
-287
7118
101
211
230
493
-123
-6587
7221
7221
-152
-397
278
-279
771
1123
-135
-83
-87
965
139
-709
420
22
338
-95
-52
-28
-3238
68
-51
-1947
256
148
-103
41
429
657
87
-32
-200
1359
-7777
324
229
-72
15
80
1421
-39
2922
-6729
-38
-43
427
237
6083
195
900
949
-1916
-6101
60
-2534
-348
-75
-199
2386
35
5449
355
-790
-47
611
126
-1116
969
-332
413
655
128
-85
-191
2680
-17
25
7727
195
52
-321
264
242
578
1100
324
213
813
-42
-212
-87
-6671
74
-111
222
-111
-99
-6939
615
475
345
4803
861
-488
231
-42
-45
-2890
21
-1253
80
-38
-3819
-44
29
3942
197
223
-110
143
115
-856
133
7973
7173
1611
-112
-798
-6617
323
-453
-131
894
75
903
-112
-180
-18
-86
4147
1739
295
-5923
337
-691
-229
-27
-264
-645
276
282
-7198
356
3238
65
-296
-28
-3499
-5923
-137
114
-31
884
-190
2896
5007
-7597
-2423
-244
7683
369
-304
127
394
372
86
29
-7101
-106
26
-106
-42
-2948
1359
178
-118
6732
5604
68
-152
4
189
1199
5462
1702
123
-287
180
-118
-19
36
152
-114
164
361
6410
-1932
-4911
661
-59
3072
95
-334
-794
383
3538
-11
209
246
-106
112
-510
443
24
309
483
-602
-49
-834
476
223
444
-95
146
-35
-3395
7112
6977
-4
6928
2495
384
91
223
-207
2467
181
328
234
-76
-115
194
-34
272
258
-41
-7091
-34
-181
989
433
-282
54
206
341
246
647
336
592
206
-215
301
-113
-1255
-76
-153
145
-60
142
1879
306
291
-4668
-7755
1373
72
-235
10
-46
587
-25
-822
-29
604
-45
-108
801
5062
274
-76
58
368
-4852
-3609
-281
21
1807
-198
413
-110
-127
-6024
-5845
-7603
7808
256
-53
-47
-2
365
560
-1891
1089
-24
31
-108
-70
-75
223
3750
89
-3582
-194
4969
432
-2557
403
384
7074
1172
-54
-5494
6167
-55
374
374
-178
-41
2042
86
247
368
-4386
29
-5129
183
-223
6677
-197
-5734
-6507
-209
-32
-26
216
-123
-37
20
3316
88
602
624
461
429
17
-121
-296
230
-166
-7115
-948
22
-21
-121
-545
409
-203
-722
175
476
-6982
1314
-91
171
122
-7045
3063
-172
499
568
55
-314
-3847
-45
-116
-75
-371
-644
-63
-76
-905
-24
488
1868
4458
-3698
-90
184
-162
150
-19
224
-10
-50
-249
204
916
-67
45
-643
223
148
-112
1365
-4691
428
-563
7516
569
376
-180
95
103
1365
-844
336
97
-478
-127
16
67
165
-302
316
-58
-3455
202
-472
202
-120
1469
238
3797
-108
-6120
1172
868
337
135
172
-21
-7008
-112
255
-51
-70
12
378
-64
-68
661
-113
545
-60
-5
215
94
-111
-3181
400
42
775
346
-3629
-16
-171
-67
221
-37
619
-65
221
-533
4
-225
2765
-1194
222
405
-653
-186
-44
-139
-9
-235
700
-852
-128
227
3044
1931
3581
158
143
-452
363
4083
2555
-414
235
595
701
18
3004
393
442
-984
460
-35
52
280
578
564
-114
-3836
8
7
380
46
311
2165
-231
102
821
90
-402
217
592
224
-123
428
395
14
-78
-171
90
-109
148
5
-13
-481
44
-353
2953
-122
-5575
153
153
-92
1334
96
268
1741
220
-5
713
-2583
-195
-144
475
194
194
603
7
-389
435
4038
167
117
187
13
-202
174
683
-35
159
-7790
575
4088
-1109
-136
-96
-91
-24
934
-7268
413
4533
39
-6086
357
-7819
6961
384
266
7
-124
-85
6147
-66
8
-336
5
923
5588
312
474
409
-6138
-123
12
-98
-98
-2
7098
-6038
-251
-37
-25
-140
-120
387
-5756
52
-1967
-5984
250
278
-111
238
83
-392
164
258
-6853
-186
296
2505
-75
92
-21
-456
-71
415
415
-436
12
22
207
1798
-44
-146
-13
220
79
314
-329
3130
5484
-4532
216
2566
-110
-7895
131
2446
12
7388
6218
-78
147
-3307
730
99
-525
6519
-80
-15
-2897
224
-548
65
-7713
-148
-6592
129
24
38
105
121
167
-83
-2232
-24
-16
98
4892
-2613
-36
2578
342
-1468
1416
-201
-80
428
131
476
6454
-87
4842
-29
-79
3299
281
244
-6935
161
-47
-438
7972
-5740
1815
192
-394
7691
-301
1029
53
-3149
1933
5275
1675
-4541
-4371
1829
-4507
-4497
1817
-5378
-5719
1651
-4702
2057
319
215
264
-6339
1836
1959
1897
-3802
1829
-3934
1854
-7883
1846
-5412
-7281
1825
-70
6
2087
7433
7960
2054
-2887
-7852
-2142
1743
-1904
6743
1771
7159
1832
1788
6516
1853
-1524
-2747
2425
7497
3426
54
-21
-128
-139
-26
-49
7701
-146
2997
-56
7
-56
396
-4185
275
-222
-5838
-159
-163
73
-2983
-4871
269
7122
321
408
-51
226
-7665
0
4376
2566
-6449
-3837
4711
2918
7944
-4470
136
-89
-111
-398
204
-59
10
122
11
-190
156
47
-142
-422
26
-374
288
6263
193
465
158
-7963
448
217
5825
-1795
105
565
7578
-4129
235
-79
350
-18
-977
80
6460
57
-4
82
-305
-5504
-66
202
77
105
-86
238
100
582
910
91
-154
-49
90
426
88
-6936
-1095
149
-3044
-75
181
1493
624
271
271
-7485
2747
-25
-2300
79
49
391
170
210
213
306
-10
656
-11
99
-1098
-120
1027
777
-79
-5922
-17
14
-2833
84
58
2061
-1144
5663
498
-19
444
223
33
-575
-84
6003
203
-84
317
137
213
-119
176
2152
-980
169
-5272
1
-4572
3682
-158
2432
-251
428
50
59
-83
-221
365
-47
-57
515
-34
-591
-87
238
427
-3639
-1195
271
16
482
-33
-3460
-664
-85
34
18
166
7
-87
-3779
55
208
-362
94
-55
-5884
-6057
31
33
-175
50
150
4846
22
126
-82
-66
49
8000
-138
-6352
5374
1521
3507
315
5055
77
1
417
5876
-6844
5741
291
98
7931
-20
757
88
1962
174
-85
24
285
389
594
234
4882
280
7
346
66
-495
471
149
237
274
3408
322
740
-5418
2127
-36
563
2310
201
-3789
-526
373
267
-64
52
81
5705
207
108
-3635
174
-79
-77
18
-1246
-6609
-4349
-7764
403
49
-2586
-492
-689
-37
-195
5157
275
1323
418
444
-76
211
3990
1403
128
81
495
4796
-106
77
179
-5574
-46
-1152
204
578
-6909
-219
-160
394
-159
2784
-104
107
-3660
-16
-236
-191
-549
-726
530
270
1736
312
-494
-58
-13
-129
323
974
-16
238
-58
238
193
193
-39
-884
7927
-1019
2550
1151
-431
63
-2395
8
8
8
-90
-5020
-117
-104
378
-5531
56
484
-2543
-2808
-1899
-155
17
-140
-1596
-242
82
5471
-245
-107
154
-198
2425
-42
-6427
495
11
501
77
452
266
281
-65
-1
-5
-407
61
244
54
-201
480
-195
757
238
-3640
1841
2504
510
-7
-1938
436
143
174
603
-23
-80
-99
489
7
-5191
-2597
-236
-28
-6010
5794
-1862
-2615
-7978
651
617
-108
5037
-2559
-3759
-6127
-1311
196
206
-1849
118
190
6460
177
-5553
-443
100
4117
84
105
27
-1768
95
303
190
-414
-5508
-6739
96
146
115
-1081
-1627
-106
872
7656
291
7266
7722
275
1493
17
779
-971
-127
-418
-380
169
-6070
128
-2644
4094
-434
-32
-7404
-7149
-2222
1977
99
4626
6889
-4872
6919
2997
4470
-4620
1415
138
1326
-2153
206
-447
-6124
-102
193
-6312
447
-7506
24
-5586
270
141
-3767
-14
128
275
6324
-6358
-845
620
-741
1389
6077
-4836
392
-420
-4751
49
-4310
137
199
34
4102
4450
1616
997
6990
177
-869
200
614
614
-26
189
-1006
-90
-556
-42
18
411
163
519
4296
-4167
1088
-68
1794
3384
-289
6089
6089
7729
-205
3192
6534
822
-7785
5902
-260
-1739
-377
-24
180
-2598
562
209
173
-6364
152
-1763
5710
-1763
757
-27
-6729
5379
1479
-6066
5138
4889
165
13
-5495
194
5138
21
-5340
-5340
-7874
-25
-10
-1458
-119
-3548
-1458
6961
7935
-6443
-108
-3519
21
21
-1898
3520
-68
129
5751
6871
678
-307
-7946
-7986
51
4192
4433
4192
4192
-209
-5
-3993
3588
944
2560
426
-3093
-3643
-3643
-1051
1437
1503
180
2198
-2536
-5802
-5726
-2990
-4756
5209
-1509
-2119
-4983
1199
1877
1563
1877
1911
-68
-68
-464
5240
-30
201
3669
3669
-2497
1501
-7303
4948
-793
7409
-7635
4003
164
-5275
5061
-21
-6901
6525
-34
-3454
36
5251
221
7572
-543
7899
26
357
7184
92
-52
3813
191
822
184
526
-168
4415
-241
-123
637
93
-129
-129
-138
4508
-6638
-5196
-87
-40
-71
-1451
236
118
269
188
214
233
6781
254
-116
-156
759
374
-1195
-3441
-1
-4435
-7998
-27
391
-3441
242
-91
90
-6125
-4202
-96
-197
50
-11
-160
-110
7408
6303
93
389
95
4627
4346
85
339
6743
-103
351
15
775
175
6701
97
-5632
66
15
158
-34
17
77
-77
137
5522
260
12
5
-544
-892
6274
-30
-7261
4
267
-7184
1585
117
-5450
-7993
6394
4107
370
162
95
3969
76
-973
330
-7829
-515
154
93
30
-1624
-6
-2835
7846
7846
-2408
-591
6791
424
-4607
-889
-76
-1260
233
-4190
274
261
67
-5670
-7822
7497
120
36
-5869
5639
41
485
-25
267
187
4106
-22
-26
-2179
-84
-20
455
-7199
7030
-95
-86
86
-6663
314
3
1719
2204
9
7005
-187
-6837
-3976
3847
-645
-3
-5462
559
-2192
-58
143
0
247
-3021
7844
-170
-7978
-63
-49
33
170
-560
367
382
212
2218
1999
7046
1931
366
368
6828
-5213
1164
7945
41
-159
263
6990
-50
3358
4097
7259
4937
-5266
-6009
941
2124
2868
-1956
205
46
-98
-46
-6511
-3269
-6762
6811
5131
-4
-3599
18
-4441
334
341
-82
-27
4179
3696
35
35
-5439
-98
7994
-8
1520
5877
-197
0
1
186
218
-6407
-5227
74
81
-931
1017
-392
7150
-173
-71
912
142
376
160
164
1059
-1
45
-36
80
465
-4900
-76
7223
341
-10
360
340
-2649
439
519
5552
199
-4392
108
-2858
-65
-75
-1128
85
269
202
601
779
-330
94
144
-155
92
-681
284
-197
1602
-2205
352
238
-339
11
-8
201
-154
-6238
-32
149
628
-2949
1119
-12
-9
689
1089
-2044
65
-1107
-3499
-1138
-41
-41
6699
525
525
30
-75
-84
271
94
125
-167
230
-46
562
-75
-61
747
4119
-52
84
226
51
102
445
224
100
450
199
146
-113
-6284
253
282
-246
192
-53
442
204
187
426
-87
-2
-257
320
400
-100
-51
264
-3904
-88
-10
-160
101
3
-92
7434
61
-150
-23
526
-374
186
-1553
311
-121
654
25
-227
-140
-1
21
-888
400
-113
-142
-69
-349
682
-793
869
411
-1186
277
6592
-241
233
679
-227
-33
119
261
-570
285
615
188
-6331
48
-223
575
-7115
2860
350
793
-90
-67
5490
7
261
224
453
1967
-1295
-1601
58
336
-186
-23
182
-64
5404
-670
181
300
397
-108
-77
-2781
607
1008
179
-136
1307
-4270
-58
1927
-7098
413
183
-87
2230
392
89
18
-119
-422
529
87
193
-5167
-98
-176
415
-79
-56
141
-77
188
-3537
3677
3333
-7603
669
-3306
-143
85
1903
-2435
1351
2008
-207
-120
104
-36
-86
4607
-1597
-5
363
-91
373
318
-1822
-3030
-7496
-1460
34
-30
-91
820
-1045
149
-153
6179
-47
-222
-134
-26
421
125
237
94
-332
110
425
136
-31
-3797
201
-3400
-166
-3
-25
215
1
27
-150
361
759
459
5430
1260
-58
-17
-186
94
-86
27
-138
108
326
277
6971
35
-7498
262
-572
-151
-425
166
202
53
1712
50
-64
379
484
-14
124
-502
10
-7409
-74
-3169
-86
-48
-121
-53
226
-7468
-2903
-3194
-176
37
-396
-202
134
-4264
285
175
471
-110
1272
7361
-387
1556
-1921
26
-5320
5055
-487
-3050
816
81
-167
7932
262
-4399
89
-180
5883
-199
5698
-156
-100
-593
481
-154
-58
-3725
-157
-25
-64
-186
57
493
-5809
-105
-969
-155
15
-5934
-7593
-110
-123
527
-155
513
-1317
-36
126
-7085
362
-158
197
4487
-59
-7983
264
-21
311
212
-447
-3701
-7004
952
-109
-1807
305
-58
302
4749
-386
234
872
-1978
147
-251
-349
119
758
197
224
-283
5707
-3992
433
-1975
-4498
1262
232
1349
-36
1676
5563
-6595
230
107
4
-2660
-87
-397
299
-59
-243
189
338
-2116
3743
-2293
-590
1329
-568
936
-107
-1269
195
109
-488
1326
-212
-446
-23
6594
351
132
332
49
-47
-7586
192
-160
-26
-6957
-303
6194
3788
184
86
-131
158
4927
49
-4447
-3006
53
3779
-7380
271
-293
-105
121
21
201
-3752
250
24
-2999
214
17
2353
107
-4001
-6217
-7678
165
-173
24
139
0
384
217
153
98
2371
611
53
-214
-2040
1901
268
148
-502
275
124
-471
-25
14
125
126
-56
18
-141
208
-19
-34
-7930
57
236
17
189
-4493
368
-62
6778
165
-403
113
867
-118
-806
-377
258
343
82
196
337
-754
3600
-145
621
-1661
765
210
2845
142
-828
390
-1
2069
4322
558
-21
-6
30
517
1490
18
1021
-2816
996
6478
1398
-96
153
-30
10
-42
177
17
426
129
206
947
61
632
-81
269
108
-104
-176
243
6
351
734
-129
-100
4812
-31
-905
-99
72
-4024
91
5264
-6230
105
-4292
401
3980
-5923
-198
-7987
-4727
768
-7450
378
3502
-9
-92
627
-339
114
-171
2625
41
614
-1990
275
-80
913
-22
-7736
455
-41
146
3392
3392
442
7257
242
5741
119
4011
4178
-256
11
-5110
-20
-351
-52
-96
-59
-321
-3364
-429
134
287
-111
-60
250
265
-46
269
-102
388
-1202
664
4445
-85
352
-4201
82
-6958
3609
6079
-7303
1133
1745
-233
-4521
-4531
-4521
-171
4556
241
983
218
-6664
-68
262
1094
-359
-25
-2539
110
893
385
-262
-262
51
125
-99
194
208
156
240
208
0
-4056
7331
-436
-94
25
-4986
5346
-174
737
78
-23
256
83
-7993
309
348
-561
332
357
87
49
-7608
54
-53
3407
-21
-38
84
1855
-6197
353
259
58
-32
187
989
5845
-6579
87
413
1268
-2
12
1695
23
-2694
3
-44
3163
406
-106
5557
306
4093
246
46
-353
-12
5075
371
371
63
-86
166
312
-20
5215
-829
168
245
7684
525
1167
5317
339
186
-7206
300
-7360
286
305
344
286
317
284
-5937
17
20
99
99
7354
-25
-244
-15
-15
-329
235
110
-1358
691
-7519
-561
-349
1161
161
-4089
-7
-111
303
140
-20
186
83
344
-579
412
-51
-460
5270
145
6247
-5462
-463
88
-109
-21
-77
5482
-2
-112
677
120
-135
231
333
158
295
138
204
173
-356
-37
7136
268
-9
-125
-225
67
-90
253
-20
-25
-4224
2270
1303
-788
7978
-187
-253
1290
646
-511
157
-3918
-95
6450
6596
179
2263
75
151
-39
532
-3040
8
4719
974
-115
-104
207
-837
-131
-105
415
107
-55
-82
130
-36
55
104
-19
-33
84
222
-84
-75
-9
299
-6989
-23
714
4
-390
279
-1111
414
173
-28
-326
223
-2762
-3181
3631
-6160
4673
-193
10
-1075
323
-7851
-4713
-1148
66
146
-394
5341
245
-82
-82
-9
7567
198
114
-47
269
-1677
965
3424
37
1499
158
440
-148
60
58
157
182
-51
144
-31
-4308
-35
-29
238
64
-440
238
60
238
-6965
-4817
-163
-6823
294
294
130
-6514
-21
-1630
-5062
321
41
-3921
164
23
-7186
538
-61
-808
16
7944
849
6196
427
-2908
5835
-6405
177
572
261
1425
-416
-172
-7480
7375
278
1927
-1883
-345
227
26
16
-579
2471
-52
-4653
69
45
-82
9
81
322
57
7917
172
-5166
-1150
-7323
91
91
102
-2704
7228
50
-116
2636
46
5873
-1083
417
-1002
5224
482
-52
-42
-6065
5292
452
-76
-78
13
-4
-35
-91
-164
-23
-55
-87
-776
4202
-86
-86
-460
474
-4068
87
-202
223
121
-2998
30
-110
1
-374
-86
-81
-58
149
-1658
1600
-248
-83
5459
-67
583
4340
481
2427
104
457
-206
-6154
137
-20
-5226
-404
-3552
250
-252
3710
-37
-259
-283
114
-12
-3759
87
-396
826
5709
-37
118
283
-77
5955
1298
943
768
264
-111
-7448
1216
-121
-125
-10
-65
-205
-271
14
-65
208
48
461
681
227
-44
1282
296
326
-64
178
4242
269
6572
1535
1442
1688
187
-6818
-86
6994
7444
-6987
326
179
-247
1555
-146
-2809
-7
-5338
-2187
7
384
4415
-8000
-399
289
4006
-65
99
5119
-7666
-269
-89
-53
-118
6828
524
45
1124
-77
664
193
192
-225
196
184
-5359
189
-53
-62
6069
-7249
1651
1123
183
135
359
6110
-13
-2397
-36
-70
185
6482
-23
184
-1431
322
191
817
22
25
145
191
254
-2515
2669
-125
4437
-81
256
-16
741
4219
1798
151
7827
-5945
2688
199
111
406
5158
121
2501
15
114
173
-60
-38
-35
465
-909
-499
-909
596
247
-116
5890
207
659
-72
-5506
292
181
-459
124
484
-87
-138
443
1579
179
105
-241
42
349
6804
125
2341
529
5369
5154
528
-7361
3254
-648
-4163
7375
5428
-2915
7992
-6432
217
963
1114
-930
6857
2453
-2977
-4647
820
-7889
3312
-7540
4309
2296
-3029
5745
2514
988
988
756
531
266
114
-5
-117
-337
-170
640
158
-2558
-3228
1058
116
3465
-126
3370
-80
-5029
-113
40
131
-7048
7996
253
-311
-195
286
7679
174
6312
-272
135
172
-590
-518
178
213
296
219
2608
534
-98
-9
490
311
-387
64
125
1013
93
150
-2126
195
-916
-5907
2638
4138
-6872
4170
5864
-152
-283
4885
83
3500
113
5652
-4092
-1652
104
-46
-5856
-3174
181
59
1243
-5401
5184
-2965
93
-24
417
23
855
-819
-111
-399
-87
-73
-101
63
-94
-4641
5755
-83
1389
-1230
7660
-879
-269
-7628
384
334
-198
-58
2541
475
-5635
947
50
-263
104
-129
683
245
417
4378
-75
4457
-3746
-7842
-278
102
-7120
387
-75
-543
-1
-916
-6410
-4507
7060
-330
76
233
-816
3085
-13
-3848
161
565
-3680
-1115
-2738
-2738
-1937
-2597
-5728
-83
-55
-88
265
-1024
-46
154
116
-1927
-7375
100
7094
399
-63
-63
799
-89
3463
117
-7763
-26
4496
22
7583
-7854
-160
-7
4136
5599
-7
1334
329
-81
-62
1474
145
-429
-205
296
322
-40
-62
-89
-56
6
-5715
7746
-36
127
-4554
-4001
6127
-108
-100
79
1172
2174
-67
-28
-247
-5980
7875
2
6
6562
-5956
212
-104
2861
156
38
3198
-376
130
-286
220
-26
-39
-69
186
-144
81
-5368
-691
114
86
6353
217
-2056
-753
320
408
224
3324
15
-40
8
532
-1002
222
16
49
6435
3379
1076
1166
3378
-28
808
-2106
529
-1332
-808
-115
532
-578
-931
771
284
2194
2409
-2913
-2
90
-7342
118
1522
52
81
4547
7
-1935
-80
-112
-7060
-134
70
258
-3995
-25
-127
-1264
804
553
-412
-135
249
5998
370
-194
-11
140
3030
155
21
334
-866
-379
246
368
-1317
-199
109
434
-149
6312
1265
1049
-115
94
-19
7732
-165
-29
39
159
-367
280
-1192
-296
-67
118
8
35
-4251
716
1601
5251
-3832
-37
-701
484
-967
489
4099
-73
10
-5873
-636
4495
128
110
967
-233
-269
-27
-2935
-47
379
-417
320
4595
149
-28
152
139
363
-302
-7801
3321
422
-200
-176
3303
766
359
183
-5
-30
389
-1103
281
248
-4560
886
-3380
-107
742
104
-112
-1162
108
113
5178
-4313
-96
444
2193
-99
-184
-2684
295
-7
3
-3735
1045
5303
175
2713
-44
-49
84
166
-104
-413
147
-128
215
89
94
4847
-45
84
-123
187
-35
431
-107
307
449
-26
-173
-5
2491
390
7969
3392
395
252
20
39
469
474
-1368
-2679
1323
3440
-35
-2239
195
283
-689
-689
9
-18
898
-66
-2180
-80
-558
-5192
-19
-6589
375
-3365
2021
-1300
885
-4812
675
7105
-172
-27
244
-7551
580
-262
95
-187
367
-53
-1428
457
-106
-80
-80
-3924
-86
1546
-128
223
-4379
-108
327
3108
-3174
-434
34
212
640
2234
-491
223
8
503
117
-56
-58
2127
-6872
1491
179
7345
32
-45
267
-2245
1478
18
282
-406
183
-36
-4928
50
-205
2298
6793
94
-1732
-90
-6122
338
-6925
-4726
1102
-88
-104
125
61
119
61
305
-15
-91
40
162
-206
7725
-4727
-91
449
-5336
710
-852
-44
6894
-6265
7
259
-7831
55
260
-5568
-35
1003
2
324
-1102
97
260
498
390
-234
-112
25
-349
315
-51
303
-16
141
253
-6201
340
-93
-54
-10
485
-142
-56
199
-36
40
288
9
165
-4985
-6
-131
397
41
761
226
318
1424
-2310
-90
259
-135
6596
738
1437
273
484
-650
-83
67
526
-122
159
77
-472
-7565
479
6537
217
3042
423
24
148
5356
-637
241
-107
-179
23
-4580
-436
142
-6
-350
81
604
1562
3305
-139
4682
214
298
237
7066
181
7806
92
1730
-2598
-54
4979
-2046
62
50
107
360
-740
196
-121
412
-195
-423
130
247
1390
804
415
152
122
127
253
-165
258
186
110
180
7968
-4512
-6536
184
7639
624
337
-10
-51
11
-110
208
-69
153
-258
-347
-430
1838
163
1527
-2232
-5303
7868
4927
299
46
806
6
912
912
593
185
3599
-42
2783
7754
94
-108
1800
-5425
-132
250
-57
-371
-55
26
-94
180
1509
192
5497
54
420
-178
-60
4141
27
96
-6980
-6995
839
60
3884
-7740
7463
130
7694
1460
84
46
85
81
6141
1617
333
-156
2873
101
269
-110
2408
-5304
4882
118
358
6104
515
-104
-5362
-1739
-1500
-829
-829
132
-277
-63
-18
-5
249
-98
2537
1588
179
-549
132
-7977
-215
83
174
-116
-162
-100
269
-83
238
241
-90
64
-6972
-3748
7980
-1608
139
5479
21
4147
185
116
455
-807
-5986
2659
53
-221
-6879
6697
2750
-806
255
255
-2707
-397
-53
-188
4062
182
-4211
-77
-80
260
-3447
-2245
86
1434
96
-3495
-274
80
-160
1909
218
-4924
-6530
2
-349
-16
-86
269
-156
1220
3855
5405
2530
262
-226
678
1555
2373
1244
38
888
447
-603
133
3906
19
279
-16
-137
368
89
-77
-455
708
703
51
13
6452
119
162
373
-5843
7506
-1827
-101
175
314
-66
-4373
160
131
747
781
314
-996
152
-5765
6388
295
-148
199
-227
-27
-103
244
-54
-242
153
381
-75
312
-50
-97
151
1975
-166
106
5504
7481
190
-6786
-6566
-2346
-7458
217
217
44
486
461
4619
7585
197
178
81
19
-4909
7534
1375
50
1
5469
1287
-101
5312
-63
1909
-1888
57
-235
-150
52
438
-58
-105
51
102
-445
-701
1068
-19
105
405
33
-20
534
-88
186
-201
90
-5
-338
-3989
660
227
-486
-40
69
-77
-3057
2900
-5
52
5529
5569
5569
-2813
546
1311
7802
6107
-75
1
304
-5887
7620
302
6837
4272
-12
222
3640
57
1308
-7385
-41
6876
1912
-852
293
-587
135
-195
41
5182
-2721
59
130
-668
385
7999
279
7
-312
-2786
277
82
-60
-109
6524
-6683
188
215
-34
-42
51
29
29
-530
-127
-1811
-2195
673
193
-127
7312
1905
-108
-60
516
7368
156
-3924
2293
90
-36
607
-22
394
3762
307
203
-28
199
-238
-29
657
-153
-7
-2548
484
-47
888
6019
-153
603
-1050
-6095
31
420
1262
7451
-5599
5717
1023
670
605
254
-132
-145
429
-3
-50
-187
1726
1
508
207
233
-606
422
679
-26
575
2050
70
-227
-25
-10
-63
101
-488
248
7444
-1392
-57
-31
292
592
1386
242
-206
364
-32
6581
20
273
-5254
2028
-251
635
-79
-539
491
-114
635
247
-7066
35
5675
-1882
1179
7773
-92
-129
7006
3457
-82
107
-91
-2918
166
-692
2309
-50
-560
-44
-6449
-2781
-812
-5460
-7529
-3
-19
7532
1239
-5129
754
452
81
-46
3783
1082
112
-257
143
58
103
-161
52
681
181
196
339
-41
-75
417
-7129
7687
302
45
82
626
-1142
-42
384
96
156
242
174
448
-113
-92
42
-463
62
104
20
1240
-18
3213
704
1164
-100
215
-11
-116
467
-29
202
-43
227
171
-568
-1792
-26
-411
167
2176
203
-83
-83
-2
3215
385
-635
4153
343
-7675
635
-156
386
-45
7233
200
202
175
1496
255
-83
117
-39
1132
-768
2392
2239
495
-260
-6989
-362
33
-36
67
13
-251
329
-270
31
-82
283
-58
2533
357
6519
173
381
123
638
115
80
247
2342
-186
205
-325
-465
158
-180
8
0
-22
-167
-3464
-84
-208
-85
-93
6
-20
-46
13
-43
-163
-389
-13
6011
-157
7754
994
292
3831
-26
6701
-7441
693
128
224
152
-1893
57
103
-474
526
137
5326
72
85
449
96
222
47
39
-264
-65
-3025
-2111
167
617
-63
107
-2367
79
134
15
-148
118
8
-63
-9
292
383
93
157
7986
39
-2
-6466
115
34
-1747
-67
576
-45
-4338
410
2791
2622
-5813
-10
-229
-7279
18
-105
353
-35
-67
309
19
109
-275
-5548
-41
70
115
-859
80
359
-30
502
-265
20
279
-72
-625
520
-181
-32
530
7998
-5135
234
-284
470
-635
-3
210
85
96
-56
-12
166
7064
-908
1638
-7
21
-844
4365
-3477
146
101
-43
229
-571
-466
67
-20
-6174
-18
201
-51
-107
198
508
242
-1
-79
-42
64
252
-237
-15
-6084
-32
6218
-65
94
35
297
-528
-27
1674
818
-1011
-3
-4252
5039
703
-6824
413
1529
-164
-435
-5808
-18
81
248
-494
-37
293
71
-352
168
-94
6
2199
-250
99
5
226
-232
-6545
75
282
-1229
114
552
-3576
27
152
-117
29
-6671
316
221
3
-77
52
2
1372
236
339
-125
-3727
349
8000
-712
659
-79
14
-355
-5871
46
-6984
7013
-2922
83
-2452
83
-76
-61
100
-223
77
-169
-108
-160
143
-216
-74
270
-205
-3614
-145
-9
7186
-6533
146
4475
-497
153
45
59
-3343
-310
-95
-497
-4458
471
7
2320
5653
5087
2616
204
3828
3970
197
-953
138
-7763
-7918
-177
-7003
7831
-4391
494
27
-179
53
-116
5453
2601
302
-473
301
95
-39
145
2843
257
219
111
-185
-27
-816
332
-13
2991
-2628
2854
23
7160
-41
1638
-4900
726
1638
-5692
-5826
-134
-134
7646
-8
-325
-4690
-5008
18
12
-601
-7643
-1216
638
-3567
0
4131
11
2054
4248
-4976
337
-14
-7119
158
-610
287
604
-668
256
1136
3131
-330
179
532
5439
-5495
1189
-1492
-2961
-5289
347
-7580
4026
2
-7826
1094
147
6532
-246
5
-368
174
4846
-1329
1223
30
-34
286
-307
121
-109
2218
150
-227
4076
-2819
-542
2428
-590
4957
-514
-5862
95
86
-5028
1
1
-70
-110
61
-133
58
4067
-5934
960
-5573
50
-35
7591
593
2368
299
141
-490
1
-353
3039
128
176
388
279
227
-77
245
110
288
41
-204
5422
-3861
-111
147
291
3663
-1384
-5450
640
-49
31
-383
193
220
-392
261
-37
-209
-159
-243
7996
-160
3286
5727
-11
-2680
-51
-2717
-7427
272
-274
-56
146
-2608
161
-6080
581
6340
-7552
709
391
256
392
779
124
1
435
-3314
-73
441
-3207
-7604
-87
-121
177
347
-156
121
-8
124
313
-107
1876
-2691
411
258
5615
-2682
177
370
-87
-34
-159
-86
189
-110
-5184
-381
2991
-43
-139
-67
2356
5867
132
1747
1817
636
-984
1047
-29
5821
5229
6
-40
-636
-56
49
113
-4
-30
10
670
-47
24
-26
-26
-20
300
-872
145
346
-215
6578
80
239
4122
-89
3407
-7704
-228
2377
468
5708
270
-64
529
227
-894
-5016
240
4559
4485
-1803
-37
-6925
-43
-75
4936
138
36
-88
-80
1197
-108
-225
366
-148
88
-619
142
-1308
349
254
783
173
381
94
-135
-7974
-7940
53
258
-157
412
-49
-571
-2833
7149
-7336
1003
-7794
14
133
17
206
167
1337
-7083
284
315
-3577
-365
3576
6281
-6444
-7294
84
134
-1207
1646
20
149
142
7337
7337
1456
58
-82
592
71
-55
-967
-1188
-5190
55
-28
367
440
146
-4128
-51
3208
-286
930
-322
362
1319
1672
17
5
5554
170
-41
55
-114
-420
272
6008
530
58
444
-647
-30
-37
326
332
104
499
54
-91
4039
1313
871
-1553
-22
-18
239
214
-119
5638
234
260
287
1256
137
-690
-115
259
145
72
6507
60
1732
-493
-859
-847
-32
-153
94
93
-61
748
325
-27
-74
6500
2035
-64
2533
-486
-120
-7176
484
3215
187
684
2706
-139
-5358
904
-79
5255
3708
1013
-5134
-65
7788
-113
1630
-2676
-23
-7
204
-137
5885
-7166
11
18
-47
1347
221
-6335
286
-138
3905
1744
321
4947
116
-2538
-97
166
-699
-1747
13
-34
91
-268
87
151
585
-1773
77
102
-829
304
1016
88
312
-89
2437
372
421
1180
222
5970
-3939
-43
69
-78
-79
3123
1262
-5699
1740
-74
-6076
-120
7737
1920
208
-194
19
3062
1323
480
84
-714
104
7392
-2800
6358
5954
-587
4959
-34
2808
120
-749
1285
30
300
1527
-5046
340
-7734
7886
-85
-6764
-401
2975
199
83
-110
511
-105
-121
-4691
-130
-130
-492
194
85
790
-5401
225
1068
185
6
40
89
37
37
207
-2799
-58
471
-7836
459
-191
95
235
-1242
244
706
595
534
2477
530
2133
-43
-14
683
587
7190
503
5990
-61
208
373
46
-81
-61
4501
1124
539
-187
6114
5000
7026
-129
182
164
365
-6490
-1984
274
80
-259
215
-49
467
-1339
396
-740
514
231
-478
224
-1641
595
595
6230
-84
499
8
848
-368
-116
49
-7916
-173
104
-131
7252
562
-1016
-8
-25
-673
471
-368
170
493
242
-5890
-7434
2353
-54
92
-87
-231
247
76
-91
787
-2514
754
7907
-89
-104
679
-2899
452
258
328
343
330
-404
166
4896
-39
299
-5527
190
34
299
-30
326
-5106
181
-425
-546
-180
224
450
-1309
4619
391
-1421
586
303
-7
-501
302
126
1005
4325
483
311
237
3225
-2471
462
-86
-226
1533
-50
-6080
217
60
4420
-50
58
142
-114
-87
-5353
440
-733
1668
-1201
-48
155
-113
24
-86
-40
6684
-89
-110
280
212
495
445
-50
150
-735
47
1090
4977
-5250
-268
-2
-140
-61
-5597
-627
182
-7756
-7959
-4587
1022
421
51
-239
632
-6769
-5629
841
-142
-5716
1049
3275
6265
4507
-19
260
-4092
-82
-17
294
292
1071
-5741
-373
-4644
466
101
-23
65
31
-886
-4
-3175
477
-1131
166
-12
188
184
1018
896
-112
-844
-471
6682
2512
-218
1869
280
6290
-169
56
46
177
-239
-103
-196
89
4154
-1875
-74
-109
50
-67
-4208
-4208
-4204
-87
5427
233
-74
-2939
2
3449
539
-195
-280
3564
-143
-4493
-131
104
-6
3567
-144
-15
5904
1548
-75
-7876
-784
-1792
1253
-113
-87
-7371
-367
-329
-632
-1
-4717
-7901
598
-43
186
-333
-7338
-288
-7771
-87
3943
-4165
-4
-77
-700
249
-28
4
-66
-4070
-4429
113
331
-124
-124
-258
7338
120
314
-7907
-81
401
62
6255
156
-535
-590
-501
95
-15
-15
-2289
-929
343
2800
867
187
514
7527
4483
-4197
523
929
3987
513
-86
-39
266
1983
186
